# timestamp tx ty tz qx qy qz qw
4052.300000000 -0.71333885715086 1.1616714770743 1.8392493866605 -0.24781011876377 -0.73921367009344 0.59893717445212 0.18283204326534
4052.310000000 -0.71290208208346 1.1612077636299 1.8407604806119 -0.24828834020521 -0.7386160032911 0.59939352554486 0.18310298013776
4052.320000000 -0.71242282453587 1.1607960464199 1.8422585131949 -0.24889116752346 -0.73792658883062 0.59990178057617 0.18339953622393
4052.330000000 -0.71190289585339 1.1604319946754 1.8437409723887 -0.24959177072873 -0.73713989247937 0.60047694802811 0.18372850020301
4052.340000000 -0.71134370669002 1.160111309389 1.8452051797807 -0.25036368689831 -0.7362503611337 0.60113384347653 0.18409652968025
4052.350000000 -0.71074285235361 1.1598307584566 1.8466461769308 -0.25119953984269 -0.73525395099174 0.60187828630313 0.18450730936919
4052.360000000 -0.71009279742341 1.1595884570249 1.8480558187283 -0.25211941173379 -0.73414878955765 0.60270311828781 0.18496028823557
4052.370000000 -0.70938564802949 1.1593823640408 1.8494256766089 -0.25314548925649 -0.73293307019399 0.60360012741352 0.18545447439056
4052.380000000 -0.70861357778865 1.1592101083924 1.8507472887813 -0.25429991923313 -0.73160487156531 0.60456102043888 0.18598880489382
4052.390000000 -0.70776909215199 1.1590690545561 1.8520123810142 -0.25560380779825 -0.73016255854149 0.60557729858418 0.18656223353795
4052.400000000 -0.7068561657898 1.1589590926032 1.8532215616932 -0.25702886505352 -0.72862496336199 0.60663633197917 0.1871742130153
4052.410000000 -0.70589514252694 1.1588842159709 1.8543881633824 -0.25847567144462 -0.72704101812835 0.60771983243818 0.18782515936759
4052.420000000 -0.70490746609084 1.1588490305969 1.8555263833273 -0.25983957200994 -0.72546273657324 0.60880942151959 0.18851605483444
4052.430000000 -0.70391432847248 1.1588583693847 1.8566502096623 -0.26101621127952 -0.72394286317457 0.60988719140105 0.18924820229749
4052.440000000 -0.70293631508518 1.1589170647562 1.8577730437512 -0.26190313677569 -0.72253391992588 0.61093609638709 0.19002254507006
4052.450000000 -0.70197883289414 1.1590227209735 1.8588917818448 -0.26248401273205 -0.72124920401136 0.61195511928335 0.19082101759493
4052.460000000 -0.70102581599745 1.1591621463405 1.859979734568 -0.26286704778923 -0.72004442022775 0.61296590336373 0.19159788464111
4052.470000000 -0.70005994041487 1.1593209933809 1.8610085393775 -0.26316985212214 -0.71887033766567 0.61399178400856 0.1923048510268
4052.480000000 -0.69906438472186 1.1594847130397 1.8619501167214 -0.26350984889209 -0.71767747000692 0.61505584271967 0.19289354296538
4052.490000000 -0.69802325426598 1.1596388233143 1.8627774380228 -0.26400262524229 -0.7164171820845 0.61618001420856 0.19331638618911
4052.500000000 -0.69694304082187 1.1597779034661 1.8634945443951 -0.26466953125917 -0.71509638154132 0.61735213696259 0.19355501367127
4052.510000000 -0.69586223545903 1.1599102085723 1.8641501237476 -0.2653947271774 -0.71380354527805 0.61851127183758 0.19363353052813
4052.520000000 -0.69482161883313 1.160045687663 1.8647962046469 -0.26605178215134 -0.71263423606451 0.61959320229138 0.19357985039038
4052.530000000 -0.69386177909762 1.1601946617386 1.865484489596 -0.26651435353527 -0.71168464483053 0.62053441246328 0.19342209961884
4052.540000000 -0.69302269557393 1.1603672773764 1.8662657800469 -0.26665781821751 -0.71105000417724 0.62127279507057 0.19318802666888
4052.550000000 -0.69232211282958 1.1605673742384 1.8671614200092 -0.26644751471012 -0.71075486673291 0.62179279780811 0.19289105192892
4052.560000000 -0.69174545825483 1.160789720792 1.8681499847989 -0.26598036787502 -0.71071995441316 0.62214644061318 0.19252375629095
4052.570000000 -0.69127562378882 1.1610281097233 1.8692067082517 -0.26536369150882 -0.71085748058676 0.62239073691349 0.19207687035907
4052.580000000 -0.69089556156387 1.1612764332397 1.8703067966099 -0.2647047753268 -0.71107963494093 0.62258261367598 0.19154118053266
4052.590000000 -0.69058838705075 1.1615291162469 1.8714254490902 -0.26410989469251 -0.71129931649618 0.62277874238822 0.19090805092222
4052.600000000 -0.69034011540748 1.1617850832633 1.8725424307146 -0.26363486850661 -0.71146261997312 0.62301405890724 0.1901869577348
4052.610000000 -0.69014084594549 1.1620491998838 1.8736443335564 -0.26326152455061 -0.71156430485481 0.6232913182334 0.18941368050556
4052.620000000 -0.68998090775902 1.1623267541988 1.8747182659459 -0.26296582311235 -0.71160299460242 0.62361073693714 0.18862609237437
4052.630000000 -0.68985043232485 1.1626229146025 1.8757513023682 -0.26272378163742 -0.71157736293611 0.62397252878195 0.18786206228101
4052.640000000 -0.68973949861362 1.1629427074829 1.8767306527921 -0.26251149623698 -0.71148627834514 0.62437680159554 0.18715928964209
4052.650000000 -0.68964996119944 1.1632913887348 1.8776517205759 -0.26230754869562 -0.711333580589 0.62481953758874 0.18654713203672
4052.660000000 -0.68960139645681 1.163674656836 1.8785219884047 -0.26209419430918 -0.71113030266893 0.62529069046662 0.18604267884332
4052.670000000 -0.68961486596939 1.164098171792 1.8793499053888 -0.26185401472244 -0.71088802011927 0.62577975105067 0.18566206128232
4052.680000000 -0.68971147803567 1.1645675015525 1.8801439731061 -0.26156964049227 -0.71061827471615 0.62627620818113 0.18542141698967
4052.690000000 -0.68991208536266 1.1650880139809 1.8809127168377 -0.2612240056407 -0.71033267749425 0.62676941133677 0.18533648095677
4052.700000000 -0.69022405956367 1.1656594968371 1.8816594223439 -0.26081466388643 -0.71004789107089 0.62724278163654 0.18540279494239
4052.710000000 -0.69063488784148 1.1662735919655 1.8823794640312 -0.26036081614992 -0.70978811266458 0.62767100692756 0.1855860651998
4052.720000000 -0.6911305622794 1.1669213110525 1.8830676029766 -0.25988343589614 -0.7095782003148 0.62802809687182 0.1858496352549
4052.730000000 -0.69169728211867 1.1675936595905 1.8837185649104 -0.25940356645642 -0.70944304989256 0.62828811523349 0.1861569040492
4052.740000000 -0.69232163176597 1.1682815920049 1.8843270649686 -0.25894211259225 -0.70940717472968 0.62842567989131 0.18647146597123
4052.750000000 -0.69299691098808 1.16897571943 1.8848916940369 -0.25850904554026 -0.70947353312524 0.62844159237893 0.1867660144054
4052.760000000 -0.69372609474694 1.1696662496029 1.8854169106119 -0.25809801241572 -0.70961301531673 0.62837551078101 0.18702674121861
4052.770000000 -0.69451289477531 1.1703434169774 1.8859075865957 -0.25770131893886 -0.70979391222853 0.62827022862835 0.18724089350292
4052.780000000 -0.69536098274407 1.1709975361239 1.8863684828256 -0.25731129323263 -0.70998452665083 0.628168537903 0.18739572641915
4052.790000000 -0.69627406388221 1.1716190539006 1.8868042712212 -0.25691995019176 -0.71015358079948 0.62811285151562 0.18747873647979
4052.800000000 -0.69725880261167 1.1722011208271 1.8872225407821 -0.25650043825578 -0.7102925268596 0.62812450987373 0.18748773708669
4052.810000000 -0.69832626227117 1.1727408028397 1.8876354401289 -0.25599767679563 -0.71042671348014 0.62819333519515 0.18743587667638
4052.820000000 -0.69948779950772 1.1732353492378 1.8880556142108 -0.25535423146796 -0.7105841301041 0.62830649351882 0.18733755821429
4052.830000000 -0.70075468195871 1.1736817547238 1.8884959595668 -0.25451260782506 -0.7107926014929 0.62845102367109 0.18720716056766
4052.840000000 -0.70213782954141 1.1740765868693 1.8889695722559 -0.25341644153935 -0.71107932761009 0.62861384062592 0.18705864421791
4052.850000000 -0.70363490756111 1.1744164367854 1.8894787438162 -0.25207545894914 -0.7114483742546 0.6287863843305 0.18688728326623
4052.860000000 -0.70522380132885 1.1746986340967 1.8900089424641 -0.25059867864728 -0.71186964112355 0.62896723075713 0.18666049110771
4052.870000000 -0.70688076705201 1.1749209266171 1.8905439458558 -0.24910345650125 -0.71231078537246 0.62915572307112 0.18634347084898
4052.880000000 -0.70858210025759 1.1750817002202 1.8910669353684 -0.24770733712585 -0.71274003891348 0.62935151150199 0.18590155199405
4052.890000000 -0.71030440109336 1.1751801966216 1.8915604237552 -0.24652663714727 -0.71312655468823 0.62955448577986 0.18530052242184
4052.900000000 -0.71203400452896 1.175214735794 1.8920192657504 -0.24560193273702 -0.71346980541835 0.62975503423399 0.18452404788831
4052.910000000 -0.7137716378826 1.1751811199865 1.892458136492 -0.24485950847641 -0.71381449056836 0.6299286652184 0.18358259966429
4052.920000000 -0.7155191059454 1.1750747041365 1.8928936317002 -0.24421594908876 -0.71420866401368 0.63004950013648 0.18248885400549
4052.930000000 -0.71727804084127 1.1748903790256 1.893342796835 -0.24358766949228 -0.71470016009269 0.63009142014514 0.18125542942014
4052.940000000 -0.7190498163628 1.174622419101 1.8938230466912 -0.2428916203104 -0.71533622521246 0.63002817053531 0.17989510836516
4052.950000000 -0.72083438884612 1.1742715978652 1.8943443673886 -0.24207682298507 -0.71613656152967 0.6298477140209 0.17843512590451
4052.960000000 -0.72262992276031 1.1738495416067 1.8949050238102 -0.2411407170357 -0.7170793068784 0.62956022946946 0.17692467240231
4052.970000000 -0.72443450137529 1.1733689675273 1.8955024076568 -0.24008473111037 -0.71813922334877 0.62917806223203 0.17541477640617
4052.980000000 -0.72624624543282 1.1728429568393 1.8961341945592 -0.23891021936372 -0.71929123042798 0.62871389268332 0.17395652922491
4052.990000000 -0.728063148628 1.1722849593324 1.8967984249557 -0.23761890418964 -0.72051011330863 0.62818101218042 0.17260083698431
4053.000000000 -0.72987738220883 1.1717018607953 1.8974882748642 -0.23623423162043 -0.72174943870357 0.62761422602141 0.17138120911388
4053.010000000 -0.73167228132626 1.1710902390819 1.8981889069184 -0.23481286320425 -0.72293057089413 0.62708108563507 0.17030449488858
4053.020000000 -0.73343042225478 1.1704462804138 1.8988847542191 -0.23341462620663 -0.72397274331487 0.62665232074701 0.16937516970423
4053.030000000 -0.7351344919316 1.1697668221617 1.8995602549716 -0.23209950068783 -0.72479563460808 0.62639919086363 0.1685976379399
4053.040000000 -0.73676764916854 1.1690497203577 1.9002003316703 -0.23092648926971 -0.7253199940547 0.62639264497754 0.16797653733811
4053.050000000 -0.73832670282563 1.168304040532 1.900806430211 -0.22990340391715 -0.72551683091997 0.62666218314201 0.16752391214044
4053.060000000 -0.7398289825313 1.1675547099483 1.9014047239707 -0.2289601376038 -0.72543339089997 0.62717364533566 0.1672628749968
4053.070000000 -0.74129350352097 1.1668275326786 1.9020232544145 -0.22801995034092 -0.72512271155119 0.6278871437272 0.16721749364607
4053.080000000 -0.74273900228774 1.1661477117329 1.9026897154965 -0.22700614690204 -0.72463735200189 0.62876246541864 0.16741170637999
4053.090000000 -0.74418358542737 1.1655395721749 1.9034312903512 -0.22584291300027 -0.72402914290328 0.62975940850014 0.16786859825424
4053.100000000 -0.74563703439325 1.1650189367577 1.9042600996977 -0.22450505247055 -0.72332625887401 0.63085417187566 0.16858119250262
4053.110000000 -0.74709707618948 1.1645894762748 1.9051651769936 -0.22304488027035 -0.72252103637687 0.63204837324812 0.16949686502258
4053.120000000 -0.74856059633871 1.1642538268856 1.9061332594394 -0.22152115392546 -0.72160300786101 0.63334598568637 0.17055890426608
4053.130000000 -0.75002481578738 1.1640146810877 1.9071504445837 -0.21999268780642 -0.72056193425168 0.63475130435075 0.17171050592263
4053.140000000 -0.75148746900778 1.1638748918454 1.9082020062533 -0.21851812014359 -0.71938804602336 0.63626873860226 0.17289523615498
4053.150000000 -0.75294882096458 1.1638362802862 1.9092723450209 -0.21713104368881 -0.71808781678787 0.63789013976332 0.17406943109048
4053.160000000 -0.75441257626711 1.1638986329516 1.910345441828 -0.21582612288386 -0.71669267749835 0.63958780935045 0.17520880352156
4053.170000000 -0.75588293688183 1.1640612240273 1.9114051703846 -0.21459469338708 -0.71523648175831 0.64133254479395 0.17629083844665
4053.180000000 -0.75736432136023 1.164322829514 1.912435257834 -0.21342805528058 -0.71375341201477 0.64309543113831 0.17729297364941
4053.190000000 -0.7588614096221 1.1646816255147 1.9134194053295 -0.21231756868641 -0.71227785009662 0.64484799878731 0.1781925159731
4053.200000000 -0.76038163755868 1.1651342038572 1.9143501519186 -0.21125806352828 -0.71083874099373 0.64656678619829 0.17896844940363
4053.210000000 -0.76193639850911 1.1656753839112 1.9152339949212 -0.2102496049925 -0.70945646782105 0.64823569770004 0.17960262830684
4053.220000000 -0.76353732290185 1.1662998648324 1.9160788003615 -0.20929259043718 -0.70815086754357 0.64983932551791 0.18007723730615
4053.230000000 -0.76519600552752 1.1670022812117 1.9168925485535 -0.20838727530728 -0.70694194733587 0.65136231796303 0.18037449189065
4053.240000000 -0.76692400963771 1.167777123665 1.9176831776394 -0.20753380563291 -0.70584969127828 0.65278944589706 0.18047679121504
4053.250000000 -0.76872676658556 1.1686207793684 1.9184561828731 -0.20673021909726 -0.70488766744265 0.65410962121513 0.18037903490444
4053.260000000 -0.77060002998524 1.1695328981791 1.9192133790646 -0.20597124163975 -0.70405939833594 0.65531808228889 0.18009559199887
4053.270000000 -0.77253864877487 1.1705135043204 1.9199563205402 -0.20525121641685 -0.70336744271664 0.65641049624642 0.17964253144282
4053.280000000 -0.77453734457177 1.1715627576633 1.9206867536892 -0.20456428767299 -0.70281431755801 0.65738239858676 0.17903594408003
4053.290000000 -0.77659072032452 1.1726809484952 1.9214065873838 -0.20390470077174 -0.70240241652502 0.65822922064806 0.17829192732159
4053.300000000 -0.7786949901057 1.1738693366297 1.9221110314435 -0.20328446889392 -0.70212733029955 0.65894782625345 0.17742716541947
4053.310000000 -0.78084901257681 1.1751306042772 1.9227845322252 -0.20274343584247 -0.70197412241877 0.65953738837238 0.17645924179856
4053.320000000 -0.78305179142355 1.1764676713984 1.9234105948116 -0.20232382466209 -0.70192705066743 0.65999719391855 0.17540578535231
4053.330000000 -0.78530208110464 1.1778838129508 1.9239726688763 -0.20206774486149 -0.70197047036526 0.66032644304081 0.17428446242522
4053.340000000 -0.78759819088188 1.1793828572146 1.9244542042037 -0.20201689615952 -0.70208861044262 0.66052449342626 0.17311311428313
4053.350000000 -0.78993623093704 1.180965199463 1.9248490986922 -0.20219597538493 -0.70225767040673 0.66060245790619 0.17191667895047
4053.360000000 -0.79230942646615 1.1826250482662 1.9251679676363 -0.20260329365455 -0.70244140998205 0.66058976832424 0.17073115980416
4053.370000000 -0.7947106836049 1.1843560886757 1.925423068107 -0.2032349578325 -0.70260259645552 0.66051734045606 0.16959359164081
4053.380000000 -0.79713279557173 1.1861520282835 1.9256269432896 -0.20408706676522 -0.70270415394757 0.66041596456334 0.16854107794207
4053.390000000 -0.79956829504409 1.1880067504274 1.9257923117947 -0.20515548887184 -0.70270937305809 0.66031622563442 0.16761039516085
4053.400000000 -0.80200758109873 1.1899142055209 1.9259242946726 -0.20642762243067 -0.70259720325437 0.6602396659055 0.16681843495771
4053.410000000 -0.80443810781784 1.1918679586985 1.9260158780954 -0.20787772225777 -0.70237107588895 0.66019359315425 0.1661509672003
4053.420000000 -0.80684718408946 1.1938611388729 1.9260591680193 -0.20947889682888 -0.70203650427828 0.66018401316928 0.16559108430042
4053.430000000 -0.80922244075875 1.1958862012093 1.9260465088102 -0.21120428287758 -0.70159906408181 0.66021681533091 0.16512195774036
4053.440000000 -0.81155212701876 1.1979349466359 1.9259705935067 -0.21302729466913 -0.70106452578565 0.66029761971015 0.16472691284669
4053.450000000 -0.81383516150637 1.2000054410019 1.9258326245385 -0.21493625257758 -0.70044179916001 0.66042251152214 0.16439525416562
4053.460000000 -0.81608678158331 1.2021065140261 1.9256469279653 -0.21694291085885 -0.6997445331047 0.66057259460748 0.16412558932632
4053.470000000 -0.81832371570675 1.2042480766562 1.9254288308417 -0.21906106921303 -0.69898676697477 0.66072755151439 0.16391720537882
4053.480000000 -0.82056271760616 1.2064401251431 1.9251935931894 -0.22130452727051 -0.69818251292124 0.66086692092102 0.16376934295811
4053.490000000 -0.82282026955903 1.2086926326618 1.9249563454751 -0.22368674202423 -0.69734564522006 0.66097028961756 0.16368130246941
4053.500000000 -0.82510035782701 1.2110068350614 1.9247234217199 -0.22619960577897 -0.6964851635954 0.66102974496147 0.16365155518081
4053.510000000 -0.82738745995376 1.2133697581996 1.9244873387862 -0.2288009277948 -0.69560259367524 0.66105744282241 0.16367719572872
4053.520000000 -0.82966458806435 1.215766745119 1.9242397122577 -0.23144558972368 -0.69469909133836 0.66106753999612 0.16375536343763
4053.530000000 -0.83191521260254 1.2181825584041 1.9239725422185 -0.23408858495267 -0.69377618848069 0.66107443140837 0.16388328416947
4053.540000000 -0.83412355700651 1.2206014124425 1.9236783751534 -0.23668526928097 -0.6928358911985 0.66109265862666 0.16405794062619
4053.550000000 -0.83628220695177 1.2230124004834 1.9233578044814 -0.23920567289188 -0.69188617085807 0.66112952905072 0.16426173762893
4053.560000000 -0.83839633782346 1.2254131732233 1.9230236580489 -0.24164298389868 -0.69094400385421 0.66118072345528 0.16445395343864
4053.570000000 -0.84047240295713 1.2278022618179 1.9226897040035 -0.24399241923458 -0.69002707894797 0.66124116616693 0.16459176723275
4053.580000000 -0.84251708559114 1.2301781641012 1.9223694860988 -0.24624919101036 -0.68915309280956 0.66130592659748 0.16463238455665
4053.590000000 -0.84453736155888 1.2325391192031 1.922076156315 -0.24840859245068 -0.68833969663078 0.66137010264838 0.16453334179366
4053.600000000 -0.84653639844095 1.2348814727116 1.9218166339648 -0.25046854003577 -0.68759453595557 0.66143418370972 0.16426833290885
4053.610000000 -0.84851073007335 1.237199003631 1.9215883305096 -0.25243103920264 -0.68690899504794 0.6615074598922 0.16383675862356
4053.620000000 -0.85045616003886 1.2394853723253 1.9213879167438 -0.25429840846783 -0.68627280317583 0.66159998943419 0.16324035362801
4053.630000000 -0.85236826477783 1.241734460037 1.9212121465463 -0.25607288947066 -0.6856754419316 0.66172187513982 0.16248084062897
4053.640000000 -0.85424245349314 1.2439403832962 1.9210578020346 -0.25775653974106 -0.68510631067644 0.66188314018803 0.16155995180387
4053.650000000 -0.85607795085911 1.2460989730921 1.9209237520571 -0.25934522232381 -0.68456321206061 0.66208620674853 0.16048401535487
4053.660000000 -0.85788024553137 1.2482087031358 1.9208123325296 -0.26082494390868 -0.6840576151817 0.66232137770253 0.15926682135705
4053.670000000 -0.8596552840917 1.2502684669254 1.9207263087855 -0.2621807916198 -0.68360221020386 0.66257801890941 0.15792282788784
4053.680000000 -0.86140882836555 1.2522773875535 1.9206687234871 -0.26339780972073 -0.68320961737479 0.66284571107644 0.15646653274258
4053.690000000 -0.86314644684065 1.2542347379352 1.9206430117529 -0.2644614548278 -0.68289211649164 0.66311434257863 0.15491244240037
4053.700000000 -0.86487047909217 1.2561378906935 1.92065196042 -0.26538451564854 -0.6826433617738 0.6633828149762 0.15327211186124
4053.710000000 -0.86657808910897 1.2579811436634 1.9206967815909 -0.26622381023607 -0.68242702416425 0.66366418562475 0.15155226251279
4053.720000000 -0.86826572200037 1.2597587415516 1.9207784651375 -0.2670402233165 -0.6822040113526 0.66397243847137 0.14975916324509
4053.730000000 -0.86992939553633 1.2614653867783 1.9208977406282 -0.26789462763757 -0.68193507042425 0.66432138151974 0.14789905430429
4053.740000000 -0.87156457345222 1.263096438657 1.921054844429 -0.26884726617245 -0.68158096170683 0.66472468995718 0.14597817190157
4053.750000000 -0.87316673092915 1.2646502503109 1.9212503461434 -0.26992658124395 -0.68112342718374 0.66518658049413 0.14400462079376
4053.760000000 -0.87473210466976 1.2661292103138 1.9214862553157 -0.27110988300869 -0.68057863984126 0.66569595087426 0.14198960284634
4053.770000000 -0.876257168704 1.2675360696613 1.921765066527 -0.27236985013442 -0.67996602630515 0.66624047408912 0.13994462652791
4053.780000000 -0.87773859148116 1.2688735179564 1.9220898175408 -0.27367927896901 -0.67930521451098 0.66680794733542 0.13788125025367
4053.790000000 -0.87917325461604 1.2701441041739 1.9224640696494 -0.27501134412044 -0.67861585402019 0.6673864168288 0.1358110964168
4053.800000000 -0.88056057672841 1.2713501195801 1.9228863695947 -0.27635262091373 -0.67790135645832 0.66797532610608 0.13374581690489
4053.810000000 -0.88190384586476 1.2724935868832 1.9233464485894 -0.27771131893274 -0.6771384340418 0.66859242957159 0.13169710550965
4053.820000000 -0.88320657794147 1.2735764454573 1.9238332223422 -0.27909782202554 -0.67630131592339 0.66925696062681 0.12967673836684
4053.830000000 -0.88447217475763 1.274600661764 1.9243356465163 -0.28052261817891 -0.67536416846032 0.66998798121575 0.1276965374487
4053.840000000 -0.88570384520869 1.2755682600964 1.9248426941221 -0.28199587861795 -0.67430138479121 0.67080426535959 0.12576805829197
4053.850000000 -0.88689953560458 1.276475395901 1.9253436195619 -0.28351066140814 -0.67311056136652 0.67171122482471 0.12388667195971
4053.860000000 -0.88804873333403 1.2773082669611 1.9258284342685 -0.28503221133336 -0.67182724290346 0.67269275874091 0.12202150028864
4053.870000000 -0.88914014303346 1.2780518493846 1.9262877235206 -0.28652303641346 -0.67049042881181 0.67373115874986 0.12013933662937
4053.880000000 -0.89016254600369 1.278690698375 1.92671260815 -0.28794569386512 -0.66913919496138 0.67480893080296 0.11820711509694
4053.890000000 -0.8911049978653 1.2792090202759 1.9270947284484 -0.28926329955424 -0.66781255372698 0.67590866573446 0.11619213484873
4053.900000000 -0.89196552785334 1.2795987979191 1.9274339549849 -0.29045732635589 -0.66653135835013 0.67702006615695 0.11408032224251
4053.910000000 -0.89275668750565 1.2798654323181 1.9277432349379 -0.29153885136376 -0.66528641325916 0.67814463902955 0.11188804687605
4053.920000000 -0.8934923746009 1.2800158415895 1.9280365922299 -0.29252175374191 -0.66406570924742 0.67928494040806 0.10963451611737
4053.930000000 -0.89418643933359 1.2800572138328 1.9283280596753 -0.29341987842472 -0.66285714060933 0.68044362113646 0.10733901687245
4053.940000000 -0.89485253088905 1.2799968935458 1.9286316688051 -0.29424687499482 -0.66164881065695 0.6816232582631 0.10502076797865
4053.950000000 -0.89549476135039 1.2798369675853 1.9289564493497 -0.2950113535907 -0.66045158089633 0.68280840903341 0.10268732685869
4053.960000000 -0.8961015761272 1.2795706992895 1.9293032938366 -0.29571355596763 -0.65931401251861 0.68395396920134 0.10032693420677
4053.970000000 -0.89665986916728 1.2791906142487 1.9296726111742 -0.29635252338722 -0.6582884179563 0.6850124414508 0.097925970632124
4053.980000000 -0.89715642512164 1.27868929964 1.9300649953717 -0.29692706716591 -0.65742725091526 0.68593661819668 0.095470845576856
4053.990000000 -0.89757803115112 1.2780594257873 1.9304809932029 -0.29743597310921 -0.65678268665792 0.68667964724997 0.092948407515359
4054.000000000 -0.8979191416486 1.2773025507151 1.9309227980395 -0.29786688490721 -0.65638802558764 0.68721400466465 0.090371403295533
4054.010000000 -0.89818707940175 1.2764350941659 1.9313955238626 -0.29818858812468 -0.65624554619462 0.68754443237213 0.08779523065641
4054.020000000 -0.89839050546847 1.2754749293338 1.9319043589061 -0.29836795710465 -0.6563546467762 0.68767912692299 0.085279295394153
4054.030000000 -0.89853815690186 1.274440019304 1.9324544544109 -0.29837147759382 -0.65671480396366 0.68762674626787 0.082882962245083
4054.040000000 -0.89863860116995 1.2733482089773 1.9330508934654 -0.29816577342244 -0.65732538481204 0.68739626287418 0.08066528266683
4054.050000000 -0.89869095090066 1.2722066101731 1.9336950762476 -0.29775322930087 -0.6581667561079 0.68700168070306 0.078665280184374
4054.060000000 -0.89867869701013 1.2710047197893 1.93438243704 -0.29719581743064 -0.65918762645282 0.68646516922697 0.076888820197869
4054.070000000 -0.89858377878442 1.2697306655762 1.9351079447232 -0.29656112262817 -0.66033383845409 0.6858095889678 0.07533876835884
4054.080000000 -0.89838831027319 1.2683729292253 1.9358668183806 -0.29591649512482 -0.66155131854613 0.68505810484172 0.074018064238305
4054.090000000 -0.89807504028868 1.2669203893634 1.9366546744885 -0.29532859227957 -0.66278632508248 0.68423429168828 0.072929719207367
4054.100000000 -0.89763625450295 1.265370246681 1.9374677527897 -0.29483496717406 -0.66400567993821 0.6833540270348 0.072083790664638
4054.110000000 -0.8970792734628 1.2637332726449 1.9383027446812 -0.29442486627855 -0.66521032665483 0.68241970807243 0.071502178029611
4054.120000000 -0.8964128443958 1.2620214101319 1.9391563623038 -0.29408269063886 -0.66640430980279 0.68143239175299 0.071207881675286
4054.130000000 -0.89564559388532 1.2602465519776 1.9400252595369 -0.2937925096668 -0.66759152364899 0.68039302552307 0.071223940043114
4054.140000000 -0.89478592581822 1.2584204039032 1.9409059102135 -0.29353823136054 -0.66877561129015 0.67930240570814 0.071573249698076
4054.150000000 -0.8938376712727 1.256547172898 1.9417950550321 -0.29330956317827 -0.66995534723567 0.67816467829227 0.072263420727641
4054.160000000 -0.89279716906436 1.2546186635033 1.9426901787438 -0.29310599046756 -0.67112160415356 0.67698983739051 0.07327640043256
4054.170000000 -0.89166002285496 1.2526255123137 1.9435887430708 -0.29292776440029 -0.67226442297706 0.67578839112191 0.074591694360972
4054.180000000 -0.89042174983979 1.2505584673453 1.9444882566066 -0.29277484403147 -0.6733738033499 0.67457088133073 0.07618882939854
4054.190000000 -0.88907788008531 1.2484085247973 1.9453864543407 -0.2926467599553 -0.67443991299379 0.67334782693218 0.078047303696616
4054.200000000 -0.88763147324953 1.246173515957 1.9462849717221 -0.29252977981631 -0.67546598952188 0.67212289354315 0.080142628450953
4054.210000000 -0.88609821674353 1.2438625305753 1.9471917922685 -0.29238821026072 -0.67647726390336 0.67088800672718 0.08244348580686
4054.220000000 -0.88449472057025 1.2414857551272 1.9481156645855 -0.29218442094013 -0.67750121203382 0.66963374312278 0.084917736215464
4054.230000000 -0.88283704880172 1.2390535648724 1.9490654228063 -0.29188074456886 -0.67856543633092 0.66835060076729 0.087533159550834
4054.240000000 -0.88114038036664 1.2365766183134 1.9500497378625 -0.29143955202943 -0.67969726260395 0.66702936507961 0.090257658085468
4054.250000000 -0.87941213558124 1.2340593822512 1.9510720581449 -0.29084418777902 -0.68090241198814 0.66567291211225 0.093065234453507
4054.260000000 -0.8776478763217 1.2314953078039 1.9521272641348 -0.29011371776387 -0.68215044814151 0.66430438037698 0.095940018123449
4054.270000000 -0.87584224159948 1.228876772987 1.9532094377104 -0.28927055471039 -0.68340777673543 0.66294920925247 0.098867096784548
4054.280000000 -0.87399018453453 1.2261961549356 1.9543130187631 -0.28833715387314 -0.68464126661309 0.66163310890042 0.10183148311559
4054.290000000 -0.87208707363197 1.2234459925071 1.9554332222618 -0.28733614691468 -0.6858184847207 0.66038180046766 0.1048180437841
4054.300000000 -0.87013158919572 1.2206252323863 1.9565693503335 -0.28628567570651 -0.68692303605398 0.65920793128742 0.10780611184626
4054.310000000 -0.86812746313745 1.2177434249038 1.9577265373772 -0.28519598936082 -0.68796519373939 0.65810188599811 0.11076573252297
4054.320000000 -0.86607875919978 1.2148110230354 1.9589106075426 -0.28407678882476 -0.68895798276028 0.65705197004677 0.11366611060274
4054.330000000 -0.86398943043729 1.2118383572634 1.9601274723992 -0.28293782081962 -0.68991468601207 0.65604661159084 0.11647643107031
4054.340000000 -0.86186330501991 1.2088356938648 1.9613831775451 -0.28178863518543 -0.69084875112316 0.65507453238589 0.11916595642765
4054.350000000 -0.85970092266275 1.2058096813885 1.9626823178439 -0.28063323511982 -0.69176551008046 0.65413373607063 0.1217149199712
4054.360000000 -0.85749732876286 1.2027606534378 1.9640266127616 -0.27946639799532 -0.692656240336 0.65323773170024 0.12412224215769
4054.370000000 -0.85524702886828 1.1996882047287 1.9654173110007 -0.27828192170001 -0.69351093751581 0.65240147005647 0.12638858124472
4054.380000000 -0.85294450684493 1.1965917859468 1.966855419051 -0.27707359362313 -0.69431966986588 0.65163980556823 0.12851452662285
4054.390000000 -0.85058420517776 1.193470882982 1.9683417814227 -0.2758352884357 -0.69507265737956 0.65096732044933 0.13050073687124
4054.400000000 -0.84816362169394 1.1903291552834 1.9698732309977 -0.27456323534403 -0.69577140846545 0.65038423216693 0.13235379672699
4054.410000000 -0.84568573390012 1.1871772408049 1.9714396900417 -0.27325759473461 -0.69643663040328 0.64986619719217 0.13409038928786
4054.420000000 -0.84315426986766 1.1840263652579 1.9730302493706 -0.27191892721347 -0.6970906941823 0.64938625665572 0.13572822394102
4054.430000000 -0.84057322964677 1.1808873723338 1.9746334931972 -0.27054774154479 -0.69775584227994 0.64891720754139 0.13728496591363
4054.440000000 -0.83794695713797 1.1777705357547 1.9762373231549 -0.26914430852952 -0.69845406450949 0.64843186502804 0.13877815884569
4054.450000000 -0.83528476198047 1.1746845078661 1.9778365840203 -0.2676993630389 -0.69919247038059 0.64792242774402 0.14022648828929
4054.460000000 -0.83260413775883 1.1716358953003 1.9794392676402 -0.26618738056259 -0.69995269391352 0.64741454555547 0.14165066507303
4054.470000000 -0.82992327009103 1.1686310020924 1.9810549413311 -0.2645810520773 -0.70071384163696 0.64693706126148 0.14307137304994
4054.480000000 -0.8272601629374 1.1656760792898 1.9826933479453 -0.26285297569007 -0.70145494968234 0.64651865558329 0.14450915098986
4054.490000000 -0.82463226410622 1.1627773651939 1.9843641644006 -0.26097603726712 -0.70215506984884 0.64618754429898 0.14598432604487
4054.500000000 -0.82204064175931 1.159932191519 1.9860721019286 -0.25894484952792 -0.70280733184769 0.64595176278846 0.1474982689884
4054.510000000 -0.81945882543456 1.1571222629039 1.9878132640818 -0.25679146148549 -0.70342952606219 0.64578493708568 0.14901967053152
4054.520000000 -0.81685783369246 1.154327718021 1.9895825411504 -0.25455184206698 -0.70404216193663 0.64565739196618 0.15051420569279
4054.530000000 -0.81420915105421 1.1515285302611 1.9913747543623 -0.25226208241283 -0.70466613179781 0.64553962784696 0.15194760068215
4054.540000000 -0.81148513485358 1.1487045723314 1.9931850854206 -0.2499581309707 -0.70532255271389 0.64540260048664 0.15328572236147
4054.550000000 -0.80867543939106 1.1458491016988 1.9950123183185 -0.24766478990333 -0.70601887137398 0.64523191641922 0.15451627467662
4054.560000000 -0.80579867983364 1.1429787653961 1.9968609603407 -0.24538761537649 -0.70673837770444 0.64503814190671 0.1556649581154
4054.570000000 -0.80287638263965 1.1401123026878 1.9987363845299 -0.24313016309988 -0.70746184883724 0.6448343942009 0.15676115681628
4054.580000000 -0.79993013310837 1.1372681347334 2.0006440576665 -0.24089598047038 -0.70817004082173 0.64463374957885 0.15783424463557
4054.590000000 -0.79698146391172 1.1344642296611 2.0025892803169 -0.23868887910157 -0.708843761911 0.64444910085498 0.15891348778601
4054.600000000 -0.79404014961048 1.1317093112474 2.0045717565442 -0.23652892274623 -0.70946375027116 0.64429129940936 0.16001242845817
4054.610000000 -0.79109545053262 1.1289965651648 2.0065816039114 -0.23446429636422 -0.71001066881471 0.64416815583605 0.16111713411834
4054.620000000 -0.78813473176447 1.1263177591175 2.0086079089524 -0.23254604098044 -0.7104654505797 0.64408757108578 0.16221092173382
4054.630000000 -0.78514569360063 1.1236647044175 2.0106400123832 -0.23082523071387 -0.71080928447045 0.64405781098682 0.16327709601584
4054.640000000 -0.78211680637415 1.1210291920662 2.0126681106318 -0.22935263665745 -0.71102365485325 0.64408736609567 0.16429910265535
4054.650000000 -0.77904702300977 1.1184080365909 2.0146890815568 -0.22815010127908 -0.71109766856026 0.64418412909794 0.16527082281166
4054.660000000 -0.77595226104846 1.1158070131357 2.0167098965228 -0.22718885759403 -0.71103336462499 0.64435466654706 0.16620421497123
4054.670000000 -0.77284968440298 1.1132328524683 2.0187382020491 -0.22643491172159 -0.71083378983928 0.64460516317197 0.16711294859587
4054.680000000 -0.76975568663557 1.1106924882171 2.0207808548445 -0.2258541204091 -0.71050169155484 0.6449416368979 0.16801055796407
4054.690000000 -0.76668564336248 1.108193111737 2.0228436752997 -0.22541235301329 -0.71003960893444 0.6453698989239 0.16891038575589
4054.700000000 -0.76364718513257 1.1057388797713 2.0249287327927 -0.22508784289137 -0.70945529347432 0.64588680227091 0.16982016427984
4054.710000000 -0.760635516042 1.1033281768309 2.0270327164465 -0.22488062507594 -0.70876591879261 0.64647361239882 0.17073794333876
4054.720000000 -0.757644535247 1.1009587475734 2.0291515454126 -0.22479296616487 -0.70798960081199 0.64711006189002 0.17166075645173
4054.730000000 -0.75466801662412 1.0986281996855 2.0312807701269 -0.2248271119682 -0.70714445687376 0.64777597191807 0.17258556440897
4054.740000000 -0.751699744447 1.096333886365 2.0334156037627 -0.22498511642053 -0.70624864634397 0.64845129662009 0.1735092586529
4054.750000000 -0.74873977880511 1.0940718442318 2.0355526955898 -0.22525704178372 -0.70532149235719 0.64911937631583 0.1744273282408
4054.760000000 -0.74579911411286 1.091836249512 2.0376915858228 -0.2256119671701 -0.70438436330986 0.64976941709874 0.1753328651376
4054.770000000 -0.74288967654618 1.0896212621164 2.0398320072792 -0.22601689867115 -0.70345895232816 0.65039127142724 0.1762187786693
4054.780000000 -0.74002299672958 1.0874212959102 2.0419733673789 -0.22643888917299 -0.7025670623539 0.65097491651979 0.17707797838115
4054.790000000 -0.73720993988355 1.0852310459897 2.044114572911 -0.22684517595005 -0.70173054438996 0.65151049530222 0.17790329881547
4054.800000000 -0.73445304918437 1.083046007294 2.0462541155135 -0.22721683410199 -0.70096822352586 0.6519876290896 0.17868461439588
4054.810000000 -0.73174099499055 1.0808626783073 2.0483905408612 -0.22755938679361 -0.70029349463476 0.6523948226758 0.17940663923101
4054.820000000 -0.72906111559167 1.0786775836555 2.0505224467273 -0.22788087814453 -0.69971920572624 0.6527205088959 0.18005353587364
4054.830000000 -0.72640087706394 1.0764871963128 2.0526485403815 -0.22818937780053 -0.69925820655173 0.6529531334472 0.180609451443
4054.840000000 -0.72374801265227 1.0742879386795 2.0547676865584 -0.22849290147003 -0.69892315539049 0.65308127520477 0.18105873305013
4054.850000000 -0.72109806390169 1.0720760899068 2.0568770333115 -0.22879368355092 -0.69871064356494 0.65310773448573 0.18140334641671
4054.860000000 -0.71846013066143 1.0698477749818 2.0589703950607 -0.22908367956428 -0.69858874720877 0.65306054693549 0.18167650389327
4054.870000000 -0.71584463320127 1.067599173497 2.0610411767639 -0.22935374616879 -0.69852256277808 0.65297025661526 0.18191462938447
4054.880000000 -0.71326183034048 1.0653265643843 2.0630826573139 -0.22959472810329 -0.69847714951432 0.65286737234977 0.18215412856873
4054.890000000 -0.71072163217796 1.06302638382 2.065087926535 -0.22979772396518 -0.69841767612202 0.65278222175362 0.18243115606483
4054.900000000 -0.7082238949814 1.0606977109317 2.0670507171563 -0.22997526886133 -0.69832238986992 0.65272894034544 0.18276253979973
4054.910000000 -0.70575099422255 1.0583441248308 2.0689662371505 -0.23017804912255 -0.69819286061931 0.652692832399 0.18313072275653
4054.920000000 -0.70328369944998 1.0559695535552 2.0708300029042 -0.23046069133992 -0.69803300418029 0.65265626146439 0.18351457488031
4054.930000000 -0.70080323054068 1.0535777080302 2.0726379131686 -0.23087781008903 -0.69784667813726 0.65260159035905 0.18389294407924
4054.940000000 -0.69829168251487 1.0511718993433 2.0743865135906 -0.23148371408171 -0.69763766112074 0.65251118460435 0.1842447770417
4054.950000000 -0.69574037524535 1.0487504603821 2.0760701210914 -0.23230786252267 -0.69740774522204 0.65237518890889 0.18455922304385
4054.960000000 -0.69315574016251 1.0463034519708 2.0776778248302 -0.23333531142659 -0.69715523384256 0.6521978407352 0.18484368776816
4054.970000000 -0.69054546777893 1.0438201792609 2.0791979633579 -0.23454649136985 -0.69687803464142 0.65198479463994 0.18510747088846
4054.980000000 -0.6879167323644 1.0412901231504 2.0806184892026 -0.23592182610827 -0.69657401668136 0.65174170630732 0.18535986488387
4054.990000000 -0.68527616045079 1.0387030319795 2.081926997655 -0.23744173438701 -0.69624106726656 0.65147422596334 0.18561016116658
4055.000000000 -0.68263019325082 1.0360543082097 2.0831219519116 -0.23908603111894 -0.69588155250321 0.65118308181898 0.18586911675223
4055.010000000 -0.67998558393848 1.0333493706795 2.0842218635101 -0.24083344615899 -0.69550598516959 0.65086005579968 0.1861501103113
4055.020000000 -0.67734901039555 1.0305948191469 2.0852471379443 -0.24266263408665 -0.69512585803288 0.65049599787854 0.18646673766705
4055.030000000 -0.67472690053443 1.027797440956 2.0862177519715 -0.2445522822586 -0.69475278019913 0.65008180076569 0.18683256664975
4055.040000000 -0.67212532702981 1.0249641218261 2.0871529928135 -0.24648114687696 -0.69439840000334 0.64960847955117 0.18726112677819
4055.050000000 -0.66954609529005 1.0220976465616 2.0880662023345 -0.24843230344837 -0.69407211187899 0.64906990877305 0.18775928110356
4055.060000000 -0.66698374318659 1.0191932914325 2.0889610363483 -0.25039662163392 -0.69377924587224 0.64846497078798 0.18832172347398
4055.070000000 -0.66443207678451 1.0162455857659 2.0898402500036 -0.25236581730281 -0.69352476061216 0.64779309560747 0.18894180574512
4055.080000000 -0.66188482369505 1.0132491931822 2.0907067255434 -0.25433164548778 -0.69331370294776 0.64705371412598 0.18961280137193
4055.090000000 -0.65933552466025 1.010199018918 2.0915633821771 -0.25628603256152 -0.69315119995262 0.646246196952 0.1903279707326
4055.100000000 -0.65677602805311 1.0070950921847 2.0924103259291 -0.25823457692187 -0.69304144905786 0.64536469213979 0.19108340406502
4055.110000000 -0.65419531517779 1.0039463551357 2.0932426786829 -0.26020763314872 -0.69298672083287 0.64439379339441 0.19188025285373
4055.120000000 -0.65158200825518 1.0007625148283 2.0940552572535 -0.26223812049191 -0.6929888200504 0.64331690371845 0.19272006858689
4055.130000000 -0.64892483958141 0.9975530187435 2.0948432398582 -0.26435890043523 -0.69304928315445 0.64211717392715 0.19360422988041
4055.140000000 -0.64621296162641 0.9943268917271 2.0956022207544 -0.26660249311092 -0.69316933927424 0.64077758151394 0.19453397848782
4055.150000000 -0.64343824708138 0.99108890951129 2.0963284852012 -0.26897840445935 -0.69334564422007 0.63929413100367 0.19551329785932
4055.160000000 -0.64059663734265 0.98783679423277 2.0970190793452 -0.2714544174928 -0.69356707715379 0.6376870419268 0.19655138073959
4055.170000000 -0.63768421646008 0.98456759107139 2.0976711926767 -0.27399390011468 -0.69382208446158 0.6359792159455 0.19765802462507
4055.180000000 -0.634696547673 0.98127859028056 2.0982820130572 -0.27656030355271 -0.6940995002785 0.63419376634057 0.19884302589415
4055.190000000 -0.63162856111369 0.97796750770546 2.0988485292638 -0.27911745026106 -0.69438845720531 0.63235405742793 0.20011613007009
4055.200000000 -0.62847730665956 0.97463520368143 2.0993684181876 -0.28164793540401 -0.69467880051207 0.63047638293846 0.20148284085402
4055.210000000 -0.62524455895073 0.97128765638064 2.0998412398453 -0.28416827236691 -0.69496132686911 0.62856353657603 0.20294094614781
4055.220000000 -0.62193248923875 0.96793134082636 2.1002670248219 -0.28669847568222 -0.69522678917479 0.62661676031845 0.20448748456377
4055.230000000 -0.61854320705673 0.96457260325909 2.1006463027299 -0.28925842757275 -0.69546587791322 0.62463712239988 0.20611948005112
4055.240000000 -0.61507891397991 0.96121752719448 2.1009801910165 -0.29186775144444 -0.69566916222207 0.62262565326386 0.20783389593079
4055.250000000 -0.61154057390484 0.95787018476253 2.1012673890151 -0.29453066682243 -0.69581615152287 0.62060084661291 0.20963339133921
4055.260000000 -0.60792641545188 0.95453139695838 2.1015013464276 -0.29722299202238 -0.69586639267047 0.61861361330952 0.2115316855537
4055.270000000 -0.6042340976105 0.95120167043891 2.1016749933591 -0.29991712988618 -0.69577790436056 0.61671845573004 0.21354430305307
4055.280000000 -0.60046087706812 0.94788158977306 2.1017812895098 -0.30258523467058 -0.69550922740299 0.61497000357461 0.21568723898297
4055.290000000 -0.59660369399473 0.94457185811256 2.1018131609653 -0.30519962680911 -0.69501944300489 0.61342274053763 0.21797638182165
4055.300000000 -0.59266406119084 0.94127330480533 2.1017709824519 -0.30774088752758 -0.69429883716673 0.61209807659281 0.22041010749066
4055.310000000 -0.58865221864748 0.93798686574165 2.1016691628015 -0.31020453731903 -0.69339519442997 0.61095618282929 0.22295468604801
4055.320000000 -0.58457915999841 0.93471369184601 2.101523627312 -0.31258798742379 -0.69236250931199 0.60995070495224 0.2255727007991
4055.330000000 -0.58045540500209 0.93145533210086 2.1013504365681 -0.31488857009433 -0.69125510073149 0.60903532195005 0.22822697201219
4055.340000000 -0.57629074804838 0.92821400218375 2.1011657674051 -0.31710338927065 -0.69012758279265 0.60816388837613 0.23088101883236
4055.350000000 -0.57209034165017 0.92499155626627 2.1009772262576 -0.31924597009475 -0.6890117996931 0.60730408321151 0.23350910255615
4055.360000000 -0.56785184911591 0.92178785201418 2.1007763069324 -0.32136087013926 -0.68789635073081 0.60644912478719 0.23610434311851
4055.370000000 -0.56357232105893 0.91860218260007 2.1005529442138 -0.32349583388852 -0.68676462119085 0.60559502622485 0.23866182088697
4055.380000000 -0.55924913365619 0.91543313971602 2.1002975836154 -0.32569843529779 -0.6855995808271 0.60473764762329 0.24117653609196
4055.390000000 -0.55488023736772 0.91227832637268 2.1000016313281 -0.32801585764147 -0.68438406426524 0.60387247648975 0.24364334970128
4055.400000000 -0.55046723034939 0.90913544426028 2.0996606556231 -0.33047013940681 -0.68311097769362 0.60299696516278 0.24605596745332
4055.410000000 -0.54601750179323 0.90600412760196 2.0992761881427 -0.33303680163231 -0.68179225234946 0.60211310382059 0.24840616659478
4055.420000000 -0.54153878316388 0.90288456385454 2.0988500923016 -0.33568644233429 -0.68044212956263 0.60122363097597 0.25068559253632
4055.430000000 -0.53703833609466 0.89977749195171 2.0983836570274 -0.33838977344329 -0.67907501655879 0.60033170267969 0.25288600173275
4055.440000000 -0.53252274760254 0.89668443119667 2.0978774823371 -0.34111768281735 -0.67770545922027 0.59944090910096 0.25499928138837
4055.450000000 -0.52799356534908 0.89360756811712 2.0973314122377 -0.34384836583386 -0.67634893258436 0.59855120898891 0.25701531651497
4055.460000000 -0.52344379616308 0.89054887547743 2.096744751524 -0.34657364078802 -0.67502245046354 0.59765528576866 0.25891999203214
4055.470000000 -0.51886544546966 0.88751005196802 2.096116677289 -0.34928697351257 -0.67374320600353 0.59674526747941 0.26069865408062
4055.480000000 -0.51425036158486 0.88449263987494 2.0954462410117 -0.35198194447194 -0.6725283806807 0.59581355630042 0.26233660452443
4055.490000000 -0.50959015103865 0.88149830938642 2.0947324715569 -0.3546521390302 -0.67139499325191 0.59485291579098 0.26381931675399
4055.500000000 -0.50488101407556 0.8785289199634 2.0939752345313 -0.35728721282702 -0.6703405255458 0.59387544706439 0.26514407542947
4055.510000000 -0.50012831790565 0.87558609059516 2.0931757476222 -0.35986933607757 -0.66932577258548 0.59292931524119 0.26633043053987
4055.520000000 -0.49533859119473 0.87267126479878 2.0923351012726 -0.36237964213635 -0.66830754374743 0.59206655684633 0.26740084928724
4055.530000000 -0.49051864555469 0.86978541172298 2.0914537887034 -0.36479921692626 -0.66724257476481 0.59133926235428 0.26837800682901
4055.540000000 -0.4856757140251 0.86692895630276 2.0905314485295 -0.36710929551362 -0.6660875854462 0.59079949506915 0.26928432982256
4055.550000000 -0.48081513086631 0.86410465029619 2.0895677360884 -0.36929791876451 -0.66481545326185 0.59047888664265 0.27013727016036
4055.560000000 -0.47593799600462 0.86132034524777 2.0885636927608 -0.37136563779358 -0.66342973725716 0.59037025500581 0.27094558271622
4055.570000000 -0.47104490587426 0.85858427887737 2.0875204306032 -0.37331427090193 -0.66193726485472 0.59046194466527 0.27171714049672
4055.580000000 -0.46613649605115 0.85590434287775 2.0864389223373 -0.37514544138233 -0.66034471066105 0.59074213505595 0.27246007190333
4055.590000000 -0.46121350706811 0.8532880951095 2.0853199160831 -0.37686065232187 -0.65865859676566 0.5911988389719 0.27318278576166
4055.600000000 -0.45627399608913 0.85074316592886 2.0841617022307 -0.37847165308475 -0.6568843985802 0.59181395671196 0.27389475233045
4055.610000000 -0.45131072492161 0.84827754568246 2.0829582445983 -0.3800098218577 -0.65502572988507 0.59255786101119 0.27460700980502
4055.620000000 -0.44631585409293 0.84589883426752 2.0817029831084 -0.38150873137412 -0.65308588010839 0.59339953338882 0.27533055562777
4055.630000000 -0.44128159092945 0.84361387975941 2.0803894799448 -0.38300187786803 -0.65106803159645 0.5943078285963 0.27607641089351
4055.640000000 -0.43620036824935 0.84142848361968 2.0790116807504 -0.38452248863388 -0.64897526687287 0.59525154849929 0.27685583384008
4055.650000000 -0.43107219162213 0.83934441472878 2.0775685540862 -0.38609171079279 -0.64680973518502 0.59620802882984 0.27768029041656
4055.660000000 -0.4259110104904 0.83735759570565 2.076067896042 -0.38770811004069 -0.64457193448827 0.59717093994426 0.2785611443917
4055.670000000 -0.42073218386609 0.83546370226354 2.0745184173774 -0.38936781653688 -0.64226219964746 0.59813567866096 0.27950971407467
4055.680000000 -0.41555084161447 0.83365878293507 2.0729286181391 -0.39106702767549 -0.63988086956797 0.59909755779387 0.28053728606269
4055.690000000 -0.41038195523399 0.83193911092201 2.0713066732619 -0.39280190908838 -0.63742842351909 0.60005177937482 0.28165497896469
4055.700000000 -0.40523716262411 0.8303007380987 2.0696602349083 -0.39456589110824 -0.6349225940191 0.60098436741094 0.28285835201685
4055.710000000 -0.40012171741536 0.82873944671441 2.0679965762128 -0.39634745839317 -0.63241434193517 0.60186413751123 0.28411327374454
4055.720000000 -0.39503984627665 0.82725157367003 2.0663231606124 -0.39813494225053 -0.62995884681414 0.60265860240724 0.285382248965
4055.730000000 -0.38999516530264 0.82583454344293 2.0646479310287 -0.39991714678821 -0.62761183607204 0.60333583898375 0.28662784987651
4055.740000000 -0.38499048087186 0.82448736448956 2.0629796462034 -0.40168327375442 -0.62542934595097 0.60386446888912 0.28781310606458
4055.750000000 -0.38003125445479 0.82321016046928 2.0613257187404 -0.40342087727689 -0.62344120674939 0.60423048682647 0.28892590104291
4055.760000000 -0.37512946099353 0.82200252110543 2.0596893556244 -0.40511385870827 -0.62162627227421 0.60445251536988 0.2900011995906
4055.770000000 -0.3702980454421 0.82086379840086 2.0580729395501 -0.40674561467776 -0.61995747837501 0.60455239629481 0.29107925051695
4055.780000000 -0.36555034062085 0.81979287109867 2.056478040844 -0.40829948982587 -0.6184075762387 0.60455166205592 0.29220007557142
4055.790000000 -0.36090014872198 0.81878790043346 2.0549049079601 -0.40975890581067 -0.61694922453426 0.60447161825134 0.29340306096566
4055.800000000 -0.35635303134791 0.81784623782058 2.0533459812469 -0.41112144684007 -0.61557497530246 0.60431959892779 0.29469378697429
4055.810000000 -0.35189770950798 0.81696465046104 2.0517809542359 -0.41241215672444 -0.6143160491331 0.60407628845694 0.29601324714864
4055.820000000 -0.34752087417335 0.81613969045987 2.0501885964921 -0.41365943608881 -0.61320802420571 0.60371972423543 0.29729494538843
4055.830000000 -0.3432088230047 0.81536797455716 2.0485487355419 -0.41489195191109 -0.61228654737317 0.60322810494446 0.29847228606752
4055.840000000 -0.33894715512341 0.81464656657367 2.0468429990219 -0.41613834825419 -0.61158713686306 0.6025797193957 0.29947909928561
4055.850000000 -0.33473180943674 0.81397358085902 2.0450650939873 -0.41740762847008 -0.6111109487243 0.6017778094074 0.30029610078902
4055.860000000 -0.33058030182305 0.81334807321283 2.0432286989095 -0.41867069801336 -0.61079251641345 0.60087405770263 0.30099454363544
4055.870000000 -0.32651301402754 0.81276892690654 2.0413488663294 -0.41989385000668 -0.61055891942973 0.59992541434324 0.30165619147709
4055.880000000 -0.32255120513852 0.81223419452472 2.0394389349526 -0.42104335418354 -0.6103373147663 0.59898881793248 0.30236278225602
4055.890000000 -0.31871732775116 0.8117406280427 2.0375097080236 -0.42208591485964 -0.61005494810379 0.59812115289387 0.30319552640515
4055.900000000 -0.31501857857242 0.81128721697349 2.0355632218902 -0.42301491061003 -0.60966563270364 0.59735163647556 0.3041993164056
4055.910000000 -0.31143004099884 0.81087945991312 2.0335888726754 -0.42387500265769 -0.60917500593812 0.59665547444978 0.30534904465437
4055.920000000 -0.30792272923397 0.81052347371949 2.0315753130928 -0.42471669228597 -0.60859439423029 0.59600167204949 0.30661148301939
4055.930000000 -0.30446700004459 0.810225229726 2.0295123072232 -0.42559037746467 -0.60793503590812 0.59535916873043 0.30795337785694
4055.940000000 -0.30103242671535 0.80999044763173 2.027391168731 -0.4265461193048 -0.60720823962578 0.59469681938469 0.30934164745524
4055.950000000 -0.29760480509686 0.80982232724259 2.0252145147067 -0.42761150389288 -0.60642203501111 0.59399487131857 0.31075844322994
4055.960000000 -0.29420295197662 0.80971987532318 2.0230045515482 -0.42877059125788 -0.6055778047752 0.59325608870899 0.31221549552469
4055.970000000 -0.29084947764233 0.80968212006789 2.0207855850424 -0.43000239743284 -0.60467622822016 0.592485751109 0.31372795852499
4055.980000000 -0.28756702440735 0.80970876126477 2.0185816590266 -0.43128591411158 -0.60371799685594 0.59168912209378 0.31531099466573
4055.990000000 -0.28437832200523 0.80980013201676 2.016416368068 -0.43260020341948 -0.60270382536784 0.59087141282658 0.31697970974924
4056.000000000 -0.28130073808454 0.80995670321184 2.0143092728978 -0.43393371171892 -0.60164603275892 0.59002310733739 0.31874177308163
4056.010000000 -0.27834067437437 0.81017860076471 2.0122728091218 -0.43529343583512 -0.60057977091316 0.58910568557948 0.32059016626634
4056.020000000 -0.27550302393065 0.81046624061449 2.0103188149595 -0.43668883649472 -0.59954274891258 0.58807725707471 0.32251587870789
4056.030000000 -0.27279226829688 0.81082058940271 2.008459561848 -0.43812955582392 -0.59857261085723 0.58689587526122 0.32450971240697
4056.040000000 -0.27021236398403 0.81124320127131 2.0067079463453 -0.43962511433271 -0.59770681029493 0.585519673757 0.32656245867906
4056.050000000 -0.26776423176339 0.81173197576841 2.0050711323578 -0.44118336684689 -0.59696134048695 0.58393069581015 0.32866295390923
4056.060000000 -0.26544376530096 0.81227673194609 2.0035437030442 -0.44280933197018 -0.59630997877821 0.58215828396862 0.33079606578126
4056.070000000 -0.26324660301905 0.8128662619426 2.0021184657305 -0.44450763664192 -0.59572153705041 0.58023746956449 0.3329463773263
4056.080000000 -0.26116871233464 0.81348927202555 2.0007877567932 -0.44628309702884 -0.59516482569493 0.57820345633747 0.33509847901965
4056.090000000 -0.25920630100411 0.81413430610531 1.9995433305831 -0.44814091914695 -0.59460889537283 0.57609142486694 0.33723678376538
4056.100000000 -0.25735146470407 0.81479137533979 1.9983722658176 -0.45008652588987 -0.59404129490145 0.57391893228318 0.33934365815663
4056.110000000 -0.25558787736492 0.81545376025905 1.9972531612988 -0.45212527672872 -0.59348565665191 0.57166871756112 0.34139769602832
4056.120000000 -0.2538982860925 0.81611513999163 1.9961636128296 -0.45426281506194 -0.59296955467407 0.56931956796313 0.34337680704428
4056.130000000 -0.2522654658006 0.81676936671788 1.9950812528775 -0.45650496402728 -0.59252026511804 0.56685038905427 0.34525872859627
4056.140000000 -0.25067214247875 0.81741058491807 1.9939839418025 -0.45885736788537 -0.59216479434744 0.5642402102619 0.3470212636084
4056.150000000 -0.24910549958741 0.81803472316056 1.9928551151926 -0.46131261304775 -0.59191823599636 0.56148580936751 0.34865048518097
4056.160000000 -0.24756181746489 0.81864080940454 1.9916886893823 -0.46383793371436 -0.59177233449773 0.55861948604071 0.35014874722939
4056.170000000 -0.24603848500164 0.81922828794492 1.990479573233 -0.466397846922 -0.59171642831334 0.55567802856401 0.3515204765328
4056.180000000 -0.2445330688379 0.81979671257927 1.9892222334314 -0.46895738966821 -0.59174006299605 0.55269871195602 0.35277017776899
4056.190000000 -0.24304348626872 0.82034575534188 1.9879106128191 -0.47148219085816 -0.59183278183233 0.54971947088279 0.35390253656133
4056.200000000 -0.24157055169787 0.82087289017034 1.9865416334375 -0.47393527589208 -0.59196622756818 0.54679051232285 0.35493869233646
4056.210000000 -0.24012033868148 0.82137102748137 1.9851188720942 -0.47627342404079 -0.59207678572765 0.54398572748944 0.35593290609701
4056.220000000 -0.23869982197115 0.82183253342846 1.9836463816311 -0.47845248320354 -0.59209766427209 0.54138196038673 0.35694418365863
4056.230000000 -0.23731648052635 0.82224964702847 1.9821276642152 -0.48042841173919 -0.59196274147044 0.53905632401943 0.35803202851033
4056.240000000 -0.23597861639902 0.82261430137179 1.9805654079827 -0.48215781615206 -0.59160627298619 0.53708587654319 0.35925564616955
4056.250000000 -0.23469006994414 0.82291992983518 1.9789613212875 -0.48362861821414 -0.59100333170225 0.53549784006631 0.36063899518138
4056.260000000 -0.2334439586455 0.82316359425579 1.9773168521692 -0.48489046471484 -0.59021072373037 0.5342192134454 0.36213584579281
4056.270000000 -0.2322317932965 0.82334274008902 1.9756339450122 -0.48600027540309 -0.58929430254967 0.5331648187779 0.36369112349375
4056.280000000 -0.23104427182038 0.82345495863747 1.9739153791675 -0.48701464780187 -0.58831977579696 0.53224921110202 0.36524971117567
4056.290000000 -0.22987082748859 0.82349818016145 1.9721649633443 -0.48798952818762 -0.58735299158902 0.53138685115994 0.36675700138509
4056.300000000 -0.22870310843648 0.82347115052538 1.9703840194619 -0.48896351593267 -0.58643571620466 0.5305205605224 0.36817898596916
4056.310000000 -0.22753956608199 0.82337359283437 1.968567131153 -0.48994127164929 -0.585560540331 0.52965056750933 0.36952223245563
4056.320000000 -0.22637960169028 0.8232053028485 1.9667080018999 -0.49092332258397 -0.58471410469058 0.52878393127161 0.37079814070186
4056.330000000 -0.22522280364697 0.82296600043602 1.9648002332154 -0.49191015534816 -0.58388295779996 0.52792768193547 0.37201808195619
4056.340000000 -0.22406902661175 0.82265526001073 1.9628373467934 -0.49290226064985 -0.58305359900281 0.52708882431506 0.37319329230079
4056.350000000 -0.2229207120214 0.82227000816831 1.9608162539081 -0.49390142996847 -0.58221885283378 0.52627162532876 0.37432707790627
4056.360000000 -0.22178522905332 0.82180212694608 1.958740896729 -0.49491205186376 -0.5813844431854 0.52547490314311 0.37540686768991
4056.370000000 -0.22067063983358 0.82124299286535 1.956616067409 -0.49593886821709 -0.58055761058164 0.52469690744623 0.37641819178097
4056.380000000 -0.21958508601281 0.82058408459804 1.9544465939409 -0.4969866380348 -0.57974557249932 0.52393596985624 0.37734659435737
4056.390000000 -0.21853663976795 0.81981696389907 1.9522373835801 -0.49806008301043 -0.57895554992976 0.52319046095619 0.3781776916763
4056.400000000 -0.21753260058198 0.81893648224624 1.9499945117893 -0.49915837985545 -0.57819449676637 0.52246020175576 0.3789028547141
4056.410000000 -0.21657902286702 0.81794417448992 1.9477262134849 -0.50026951038399 -0.57746877824385 0.52174797800979 0.37952506449036
4056.420000000 -0.21568189493857 0.8168424908861 1.9454409276026 -0.50138012707134 -0.57678470332098 0.52105696127857 0.38004870384728
4056.430000000 -0.21484738205495 0.81563404686165 1.943146968136 -0.5024769134686 -0.57614855501112 0.52039039423275 0.38047816176485
4056.440000000 -0.21408181895687 0.81432162645504 1.9408524993793 -0.50354659270792 -0.57556656031319 0.51975162354417 0.38081782185802
4056.450000000 -0.21339160399495 0.81290512482121 1.9385649211764 -0.50457833379357 -0.57504205039713 0.51914640785085 0.38107001004636
4056.460000000 -0.21278317676051 0.81137829769512 1.9362902986755 -0.50556624518616 -0.57457250110679 0.51858531072905 0.38123285298661
4056.470000000 -0.21226310287187 0.80973416432442 1.9340345100771 -0.50650503025201 -0.5741546441695 0.51807949847652 0.38130398918229
4056.480000000 -0.21183813559705 0.80796573034916 1.9318034080512 -0.50738939453704 -0.57378515986799 0.51764017170471 0.38128105809772
4056.490000000 -0.21151514649547 0.80606596239009 1.9296028903141 -0.50821405256193 -0.57346076820242 0.51727845363412 0.38116167897254
4056.500000000 -0.21129789082806 0.80403208741238 1.9274413564141 -0.50897542342584 -0.57318994577865 0.5169902658769 0.38094405021642
4056.510000000 -0.21118369391266 0.80187025504751 1.9253322151829 -0.5096733837758 -0.57300522997297 0.51674048316687 0.38062753624852
4056.520000000 -0.21116909353042 0.79958776598255 1.9232893828084 -0.51030816974643 -0.57294207560125 0.51649021795804 0.38021152619225
4056.530000000 -0.21125062084925 0.79719210787611 1.9213264763866 -0.51087993139233 -0.57303586047839 0.51620059659239 0.37969532836739
4056.540000000 -0.21142462442622 0.79469104909284 1.9194564897803 -0.51138878096449 -0.57332169256834 0.51583279224701 0.3790782003451
4056.550000000 -0.21168577049117 0.7920885492959 1.9176826377543 -0.51184205581235 -0.57381538645584 0.51536316720279 0.37835752676407
4056.560000000 -0.212025857167 0.78938007319486 1.9159892487013 -0.5122620240264 -0.57449340261173 0.51479938135294 0.37752688123444
4056.570000000 -0.21243646477582 0.78655983343171 1.9143584397577 -0.51267276786774 -0.57532729035386 0.51415281632418 0.37657937214726
4056.580000000 -0.21290954793474 0.78362176066771 1.912772626436 -0.51309834230493 -0.57628853501783 0.51343481152994 0.37550806894147
4056.590000000 -0.2134375592069 0.7805594862067 1.9112147648036 -0.51356264683868 -0.57734868311202 0.51265672100114 0.37430601423598
4056.600000000 -0.21401422332374 0.7773718612496 1.9096728829274 -0.51407396331235 -0.5784925014812 0.51182392463801 0.37297540956812
4056.610000000 -0.21463517951639 0.77406902488992 1.9081444339811 -0.51460844666924 -0.5797320332437 0.51092938641004 0.37153745215046
4056.620000000 -0.21529641684191 0.77066255759211 1.9066279184369 -0.51513817822774 -0.58108272488502 0.50996470180187 0.37001557681879
4056.630000000 -0.21599412561461 0.76716414980849 1.9051215489135 -0.51563517983327 -0.58256004028898 0.50892157739931 0.36843315382062
4056.640000000 -0.21672463764682 0.76358568868158 1.9036229976675 -0.51607149499087 -0.58417931125548 0.50779180444512 0.36681361438383
4056.650000000 -0.21748417189497 0.7599385249728 1.9021306656217 -0.51641714055687 -0.58593876390638 0.50658479349018 0.36518618387809
4056.660000000 -0.21826877028622 0.75623245453688 1.9006457248483 -0.51663796561591 -0.58780145911413 0.50534697901238 0.36359192503494
4056.670000000 -0.21907477294802 0.75247696831551 1.899169990729 -0.51669967802056 -0.58972644904007 0.50412999678419 0.36207334115951
4056.680000000 -0.21989911532871 0.74868138918516 1.8977058668439 -0.51656831073482 -0.59167319221501 0.50298612881001 0.36067293796929
4056.690000000 -0.22073953383961 0.74485480499221 1.8962565429755 -0.51621028040583 -0.59360151021546 0.50196805128545 0.35943326078975
4056.700000000 -0.22159235667366 0.7410037750944 1.8948183423459 -0.51561574791749 -0.59546531005986 0.50112374857416 0.35838031981372
4056.710000000 -0.22244944249507 0.73713003215712 1.8933718624 -0.51482416423421 -0.59720571683838 0.50049117694114 0.35750523562624
4056.720000000 -0.22330200033495 0.73323487057084 1.8918959812019 -0.51388140232832 -0.59876237413462 0.500107101677 0.35679463352745
4056.730000000 -0.22414147041457 0.72931956015817 1.8903702184546 -0.51283348796982 -0.60007500758564 0.50000856030485 0.3562348081107
4056.740000000 -0.22496001229936 0.72538503904524 1.8887754322655 -0.51172634324304 -0.60108355971547 0.50023260098561 0.35581181652955
4056.750000000 -0.22575227632651 0.72143379561783 1.8871040696825 -0.51059796901345 -0.60176694473903 0.5007714262223 0.35551967166118
4056.760000000 -0.22651634789075 0.71747248971936 1.8853696273351 -0.50947000549131 -0.60218553669467 0.50152322438161 0.3553693125557
4056.770000000 -0.22725046779178 0.71350854240013 1.883587318237 -0.50836195937878 -0.6024096971544 0.5023743521772 0.35537400763906
4056.780000000 -0.22795224979191 0.70955000864943 1.8817704633758 -0.50729352964551 -0.60250974178955 0.50321131370632 0.35554698646796
4056.790000000 -0.22861854209529 0.7056060036374 1.8799295722042 -0.50628475094263 -0.60255602890924 0.50392101295011 0.35590110381315
4056.800000000 -0.22924282790103 0.70168553252969 1.878065027605 -0.50536362862102 -0.6026013050189 0.50441642653706 0.35643139409441
4056.810000000 -0.22981254193831 0.69779524710658 1.8761611744745 -0.50457459617275 -0.60266093875318 0.50466483845567 0.3570961643938
4056.820000000 -0.23031412537939 0.69394133203825 1.8742006850724 -0.50396422569957 -0.60274546970816 0.50464038490696 0.35784918594609
4056.830000000 -0.23073337444611 0.69012966242085 1.8721667821494 -0.50357916067059 -0.60286518307625 0.5043172316792 0.35864429425849
4056.840000000 -0.23105522399578 0.6863656885305 1.8700434380967 -0.50346578501807 -0.60302992002116 0.50366978918053 0.35943547730053
4056.850000000 -0.23127408140098 0.68265001797471 1.8678254530727 -0.50363551120176 -0.60322060917291 0.50271961437293 0.36020710410864
4056.860000000 -0.23140591871898 0.67897361260233 1.8655294878407 -0.50402617687588 -0.60335780908008 0.5015877962564 0.36100782525123
4056.870000000 -0.23146959732549 0.67532590804162 1.8631753238293 -0.50456597283209 -0.60335488547747 0.50040810200787 0.36189472595682
4056.880000000 -0.23148460076956 0.67169576510324 1.8607835322105 -0.50518301457117 -0.60312553704068 0.49931446439356 0.36292530086168
4056.890000000 -0.2314717714179 0.66807119820571 1.8583759231882 -0.50580574735848 -0.60258363345204 0.4984406792636 0.36415710880073
4056.900000000 -0.23144665047011 0.66444640988491 1.8559725594444 -0.50637762316153 -0.60168166303917 0.49787181991702 0.36562895133758
4056.910000000 -0.23140995681557 0.66083047667966 1.8535870972195 -0.50687306982333 -0.60045446028285 0.49758952165251 0.36734016953764
4056.920000000 -0.23135953530803 0.65723458333172 1.8512318689123 -0.50727025140565 -0.59894718101339 0.49756182579679 0.36928497925685
4056.930000000 -0.23129164403891 0.65367037913494 1.8489182600381 -0.50754697435297 -0.59720497221832 0.49775643192367 0.37145770211625
4056.940000000 -0.23120077558593 0.65015019034728 1.8466564015695 -0.50768083415004 -0.59527310325172 0.49814081247274 0.37385269041533
4056.950000000 -0.23107819351475 0.6466812324312 1.844453478767 -0.50768629874685 -0.59320206103378 0.49865814961474 0.37643855630474
4056.960000000 -0.23091066393463 0.64325843932903 1.8423123949526 -0.50765752710303 -0.59105327341402 0.49920051285552 0.37912888458543
4056.970000000 -0.23068382377588 0.63987490311626 1.8402351981924 -0.50770022475946 -0.58888984288807 0.49965484492553 0.38183015944908
4056.980000000 -0.23038208666429 0.63652344369513 1.8382236496787 -0.50792125759261 -0.58677554942655 0.49990925373751 0.38444920172672
4056.990000000 -0.22998824456787 0.63319672089123 1.8362795305711 -0.50842764146235 -0.58477503986733 0.49985258943554 0.38689388077325
4057.000000000 -0.22949455796599 0.62989248859329 1.8344092121519 -0.50926318332168 -0.58292708786053 0.49942696980293 0.38912687157915
4057.010000000 -0.22891653494536 0.62661967249522 1.8326285892846 -0.5103366265423 -0.58121339254937 0.49868788365527 0.39122616812543
4057.020000000 -0.22827287991333 0.62338882056005 1.8309549142354 -0.51153879600467 -0.57960832301482 0.49770433522564 0.39328443494708
4057.030000000 -0.22758277529854 0.62021064844937 1.8294051118154 -0.51276041910913 -0.57808604279797 0.49654498606213 0.39539392576742
4057.040000000 -0.22686607779391 0.6170960389301 1.8279951282915 -0.51389274830835 -0.57662001817612 0.49527888621237 0.39764610239119
4057.050000000 -0.22613261412688 0.61405082112697 1.8267279122134 -0.51486852856269 -0.57517496287366 0.49397195133413 0.40009482835214
4057.060000000 -0.22536938886656 0.61106927447565 1.8255807373661 -0.51570836874905 -0.57369850495358 0.49268224983849 0.40271466885415
4057.070000000 -0.22456046790081 0.60814368474805 1.8245279099826 -0.51644364694918 -0.57213619854712 0.49146714270318 0.40547031639944
4057.080000000 -0.22368986164631 0.60526565849077 1.8235445211034 -0.51710542588913 -0.57043388423114 0.49038403723234 0.40832665632397
4057.090000000 -0.22274158587539 0.60242608967562 1.8226069395467 -0.51772484970021 -0.5685378855824 0.48948983353886 0.41124853254752
4057.100000000 -0.22170462737483 0.59962016774438 1.8217002977914 -0.51832227204671 -0.56642992742411 0.48880672561882 0.41420664481447
4057.110000000 -0.22057834681828 0.59685349290514 1.8208260038095 -0.51889437091381 -0.56416767116558 0.48828310609071 0.41718470603795
4057.120000000 -0.21936297394312 0.59413307582266 1.8199871814448 -0.51943542076253 -0.56181877592399 0.48785783825539 0.4201681048453
4057.130000000 -0.21805802848185 0.59146602863879 1.8191863716785 -0.51993999723855 -0.5594512977015 0.48747003706815 0.42314253831594
4057.140000000 -0.21666223760795 0.58885972823815 1.8184254256919 -0.52040255780419 -0.5571337863796 0.48705937119424 0.42609422765049
4057.150000000 -0.21517498548067 0.58631834665458 1.8177005997777 -0.52082471216258 -0.55491847474007 0.48658209431267 0.42900462828182
4057.160000000 -0.21359854924951 0.58383844565407 1.8169971464798 -0.52122439249829 -0.55282128315132 0.4860295408944 0.43184377607844
4057.170000000 -0.21193586419869 0.58141557132261 1.8162990562789 -0.52162195702803 -0.55085336422918 0.48539790277418 0.43458023545264
4057.180000000 -0.21019000459717 0.57904515958744 1.815590611524 -0.52203811016347 -0.549025913194 0.48468353822624 0.43718260023809
4057.190000000 -0.20836398412269 0.57672251749718 1.8148566380464 -0.52249370696604 -0.54735022807572 0.48388286881082 0.43961963477278
4057.200000000 -0.20646220362486 0.57444294867741 1.8140884978683 -0.52298578573057 -0.54583560586397 0.48300556887556 0.44187665669289
4057.210000000 -0.20449247465131 0.57220185635359 1.8132905454063 -0.52345932153835 -0.5444868145562 0.48209004034375 0.44397481963554
4057.220000000 -0.2024631752301 0.56999478213701 1.812468654374 -0.52385234172433 -0.54330828926427 0.48117808735719 0.44593999050762
4057.230000000 -0.20038282546263 0.56781742200727 1.8116281388696 -0.52410291077959 -0.54230449840295 0.48031132896455 0.447797942372
4057.240000000 -0.19825999534698 0.56566585706136 1.8107733639567 -0.52414929614993 -0.54147962568272 0.4795313497329 0.44957425964947
4057.250000000 -0.19610427193589 0.56353863239281 1.8099073834344 -0.52394719318578 -0.54083370899353 0.47886570040194 0.45129356182822
4057.260000000 -0.19392768142446 0.56143859629295 1.8090324495075 -0.52349002609705 -0.54035845124493 0.4783108844868 0.45297862480094
4057.270000000 -0.19174279800693 0.55936898545406 1.8081509351642 -0.52277595593908 -0.54004431781056 0.47785897689015 0.45465177102702
4057.280000000 -0.18956262828726 0.55733259577323 1.8072654150273 -0.52180291242661 -0.53988168573599 0.47750159787019 0.45633508524043
4057.290000000 -0.18740063790573 0.55533171497421 1.8063784865191 -0.52056872775728 -0.5398608581815 0.47722986995886 0.45805032988064
4057.300000000 -0.1852611515288 0.55336681533815 1.8054885298951 -0.51909466014266 -0.53997307356348 0.47702476958431 0.45980124275694
4057.310000000 -0.18312776851984 0.55143502682842 1.8045849338153 -0.51745383630614 -0.54021177026201 0.47684580876312 0.46155264621437
4057.320000000 -0.18098156964836 0.54953290418314 1.8036560725193 -0.51572668033385 -0.54057074617492 0.4766499046325 0.46326464141518
4057.330000000 -0.17880394477606 0.54765653875322 1.8026910083892 -0.51399408394306 -0.54104414112427 0.47639413327474 0.46489778318255
4057.340000000 -0.17657657669222 0.54580125220596 1.8016800901431 -0.51233715728382 -0.54162660195073 0.47603581217403 0.46641308606583
4057.350000000 -0.17429006902963 0.54396080468644 1.8006195470257 -0.51080460670448 -0.54229992744775 0.47555329873204 0.46780177695764
4057.360000000 -0.17195443916132 0.54212709465022 1.7995156824305 -0.50937316823363 -0.54301642802325 0.47497105108245 0.4691211304281
4057.370000000 -0.1695823875362 0.54029170305002 1.7983757277922 -0.50800956577002 -0.54372432445172 0.47431977907859 0.47043691103113
4057.380000000 -0.16718702821743 0.5384460870273 1.7972060546674 -0.50668026588636 -0.54437161930922 0.47363012758213 0.47181474171386
4057.390000000 -0.16478221496887 0.53658150671723 1.7960117135453 -0.50535180444045 -0.54490610387239 0.47293233102902 0.47332008406453
4057.400000000 -0.16237673517553 0.53469147096219 1.7947988558282 -0.50401448588828 -0.5452955417169 0.47223898853131 0.4749868502489
4057.410000000 -0.15996633124566 0.53277488167573 1.7935788250828 -0.50271112830682 -0.54555242855955 0.47152468062252 0.47677934595899
4057.420000000 -0.15754470490157 0.53083124275812 1.7923639436436 -0.50149186338016 -0.54569515798279 0.47075913244019 0.4786528436579
4057.430000000 -0.1551050982095 0.52885993457556 1.7911671628019 -0.50040700792772 -0.54574213352439 0.46991243717713 0.48056284864659
4057.440000000 -0.15264026532618 0.52686011852259 1.7900025192899 -0.49950682922347 -0.54571188816325 0.46895513786065 0.48246506749246
4057.450000000 -0.15014809991591 0.52482604724575 1.7888823829717 -0.49882478602073 -0.54560654477138 0.46787686461571 0.48433311956893
4057.460000000 -0.14763880710943 0.52274167846689 1.7878128694801 -0.49835697854491 -0.54539115125071 0.46670925625625 0.48618030009221
4057.470000000 -0.14512444082625 0.52058975799145 1.7867988672359 -0.4980940908565 -0.54502568116863 0.46548969351023 0.48802523372902
4057.480000000 -0.1426172964444 0.51835328720762 1.7858446992981 -0.49802651603034 -0.54446984109321 0.46425566192855 0.48988658058564
4057.490000000 -0.14013001579329 0.51601547006869 1.7849540927517 -0.49814451846628 -0.5436830616959 0.46304460043324 0.49178294516645
4057.500000000 -0.13767117644823 0.51356606580242 1.7841341472779 -0.4984260392021 -0.54264808484641 0.46188256093222 0.49372972299075
4057.510000000 -0.13523934948108 0.51100949568402 1.7834004299135 -0.49882139591845 -0.5414004371286 0.46077023556473 0.49573538472511
4057.520000000 -0.13283135245214 0.50835242436136 1.7827695845647 -0.49927722496736 -0.5399829899053 0.45970464248305 0.49780745767952
4057.530000000 -0.1304433093187 0.50560214017312 1.7822578394153 -0.49974010266322 -0.53843874741883 0.45868282365961 0.49995361019583
4057.540000000 -0.12807045196648 0.50276678438115 1.7818805952516 -0.50015658451487 -0.53681064810804 0.45770214677801 0.5021817040465
4057.550000000 -0.12570975755293 0.49984891540015 1.7816425610317 -0.50049843642543 -0.53512545081654 0.4567577299624 0.5044942449064
4057.560000000 -0.12336403194337 0.49683700185919 1.7815263371331 -0.5007940950218 -0.5333737478779 0.45583885954548 0.50688130128685
4057.570000000 -0.12103729114915 0.49371761398977 1.7815117266681 -0.50107960820083 -0.53154102004388 0.45493420345718 0.50933117004636
4057.580000000 -0.11873403591493 0.49047725419663 1.7815789841246 -0.50139089697684 -0.52961266508487 0.45403247253392 0.51183210850355
4057.590000000 -0.11645936056136 0.4871022435619 1.781709111673 -0.50176378676043 -0.52757422772038 0.45312216117292 0.51437228113017
4057.600000000 -0.11421497539288 0.48358210002455 1.7818860420481 -0.50224039485577 -0.52542772355391 0.45218246851579 0.5169248574629
4057.610000000 -0.11199389597062 0.47991406225181 1.7820986847702 -0.50287753719328 -0.5232117799544 0.45117279612719 0.51942922899865
4057.620000000 -0.10978815223746 0.47609639300631 1.7823366973815 -0.50373469919828 -0.52096971325234 0.450050791633 0.52182007976687
4057.630000000 -0.10759000638993 0.4721273727319 1.7825902662957 -0.5048717928715 -0.51874460869027 0.44877489264717 0.52403205956031
4057.640000000 -0.10539202591086 0.46800535888284 1.7828509266444 -0.50634843235937 -0.51657948336448 0.44730389223719 0.52600012395774
4057.650000000 -0.10319393000101 0.46373225984232 1.7831195793246 -0.50816507818309 -0.51449300977145 0.44563566387741 0.52770640633976
4057.660000000 -0.10101087873988 0.45931813942335 1.7834145522022 -0.51018903014181 -0.51244894831659 0.44385652293165 0.52923965832429
4057.670000000 -0.098859670413824 0.45477470226047 1.7837555249702 -0.51226902696148 -0.51040459840176 0.44206410305703 0.53070417252426
4057.680000000 -0.096756083120596 0.45011433573722 1.7841597379626 -0.51425409456984 -0.50831788919144 0.44035617011939 0.53220493532464
4057.690000000 -0.094714038839395 0.44535012939782 1.784640555728 -0.51599433137793 -0.50614663884341 0.43883142825053 0.53384680157603
4057.700000000 -0.092740425146331 0.44049111981057 1.7851989010719 -0.51740976559033 -0.50386299333394 0.43754947270817 0.53568617431582
4057.710000000 -0.090830750537869 0.43553581477193 1.7858158874403 -0.51857732297736 -0.50147264534332 0.43647857155627 0.53767016156581
4057.720000000 -0.088979630807318 0.43048102076255 1.7864709326008 -0.51959535098868 -0.49898534014564 0.43557479585146 0.53973039452087
4057.730000000 -0.087182983027195 0.42532329863796 1.7871453859397 -0.52056189984283 -0.49641079636306 0.43479419643875 0.54179852014324
4057.740000000 -0.08543850911788 0.42005899474947 1.7878235324077 -0.52157458829749 -0.49375923868778 0.434092245048 0.54380666218974
4057.750000000 -0.083742083520023 0.41468833553357 1.7884960521131 -0.52270504997119 -0.49104481774643 0.43343091765937 0.54570326855897
4057.760000000 -0.082081852657499 0.4092206381438 1.7891618648048 -0.52396632217205 -0.48828935385797 0.43278893691034 0.54747286346127
4057.770000000 -0.080444679846101 0.4036661684218 1.7898205140451 -0.52536349059529 -0.48551564399167 0.43214769069068 0.54910484938634
4057.780000000 -0.078817340303779 0.39803491065453 1.7904709260961 -0.52690166812697 -0.48274640549988 0.43148898768392 0.55058858833931
4057.790000000 -0.077186578412653 0.39233667140503 1.7911115095633 -0.52858580543422 -0.48000429371785 0.43079498156889 0.551913587585
4057.800000000 -0.075545995603755 0.38658363489476 1.7917421734739 -0.5304030524005 -0.47730843542066 0.43005666564041 0.55308274590586
4057.810000000 -0.073904764453336 0.38079368836606 1.7923665894237 -0.53230015255031 -0.47467003829608 0.42928488446755 0.55412939852222
4057.820000000 -0.072273717260202 0.37498568102395 1.7929883310768 -0.53421842232274 -0.4720995201973 0.42849302726422 0.55509138514881
4057.830000000 -0.070662990861273 0.36917855448166 1.793609573881 -0.53609941695617 -0.46960749235479 0.42769466993821 0.55600673338544
4057.840000000 -0.069081786987246 0.3633912562003 1.7942303871816 -0.53788504410011 -0.46720456684327 0.42690392339451 0.55691346926124
4057.850000000 -0.067536573916552 0.35763689862124 1.794844063821 -0.53954666367442 -0.4648956292678 0.42613077124397 0.55782973872368
4057.860000000 -0.066029666726794 0.3519150888444 1.7954328668105 -0.54112287912619 -0.46267237631552 0.42537453478774 0.55872784701933
4057.870000000 -0.064563218592452 0.34622345999418 1.7959780865529 -0.54266149137978 -0.46052435029506 0.4246332176825 0.55957346166468
4057.880000000 -0.063140008383648 0.34055953117803 1.7964620888529 -0.54421012623048 -0.45844087591571 0.42390481659221 0.56033205179408
4057.890000000 -0.061763547234688 0.3349207480265 1.796868965232 -0.545816191256 -0.45641123225917 0.42318702603276 0.56096899506836
4057.900000000 -0.060436954724176 0.32930732552284 1.7971941505359 -0.54750779037056 -0.45443000880401 0.42247260019374 0.56146726411028
4057.910000000 -0.059161087033392 0.32372603364321 1.7974553660686 -0.54926874859924 -0.45250408570555 0.42174368601164 0.56185065412556
4057.920000000 -0.057936373638271 0.31818463738435 1.7976728645878 -0.55107679340187 -0.45064220691439 0.42098088942677 0.56214861011897
4057.930000000 -0.056763298564606 0.31269090864423 1.7978658498424 -0.55290973869767 -0.44885315819645 0.42016494373427 0.56239050782097
4057.940000000 -0.055642542440887 0.30725254272001 1.7980520475971 -0.55474542234594 -0.4471456581673 0.41927687082444 0.56260570772079
4057.950000000 -0.054575663723348 0.30187575673776 1.7982425761882 -0.55656371286152 -0.44553112142168 0.41830433474284 0.56281465590893
4057.960000000 -0.053565710400206 0.29656356197359 1.7984362138968 -0.55834934006273 -0.4440275422578 0.41724991649045 0.5630169299024
4057.970000000 -0.052615783269216 0.29131859082193 1.7986300750511 -0.56008788071163 -0.44265395320365 0.41611840989022 0.56320911972692
4057.980000000 -0.051728661191585 0.28614356307971 1.7988212832623 -0.56176510058066 -0.44142950152977 0.41491472993687 0.56338772957014
4057.990000000 -0.050906608421767 0.28104129792823 1.7990068494927 -0.56336690675309 -0.44037338995775 0.4136439027887 0.56354922365159
4058.000000000 -0.050153730905882 0.27601270774353 1.7991840038409 -0.56487999353794 -0.43949395181628 0.41231796871422 0.56369278148019
4058.010000000 -0.049479731369574 0.27105417041527 1.7993510036202 -0.5662927339913 -0.43877410719779 0.41096521630989 0.56382392044398
4058.020000000 -0.048895312249281 0.26616153648448 1.7995064061399 -0.5675937276481 -0.43819320043538 0.40961622387512 0.56394913650525
4058.030000000 -0.048411383300409 0.26133074611808 1.7996491010914 -0.56877166111843 -0.43773065034511 0.40830161767083 0.56407487469698
4058.040000000 -0.048038902069995 0.25655776841318 1.799778399905 -0.56981539860635 -0.43736592859734 0.40705207793045 0.56420746349706
4058.050000000 -0.047782094125091 0.25183918855498 1.7998930956605 -0.57072218059857 -0.43707143953765 0.40588854138512 0.56435737018805
4058.060000000 -0.0476297401834 0.24717297133354 1.7999900932741 -0.57150845254065 -0.4368029186323 0.40480887162332 0.56454501716334
4058.070000000 -0.047568807212569 0.24255716337674 1.8000662651733 -0.57219318136593 -0.43651367641597 0.40380749545132 0.56479224509327
4058.080000000 -0.047587090887658 0.23798974074555 1.8001188997795 -0.57279516278712 -0.43615698072903 0.40287872292829 0.5651208050149
4058.090000000 -0.047673626894075 0.23346869095099 1.8001458039746 -0.57333307202916 -0.43568611016593 0.40201677110168 0.56555222365319
4058.100000000 -0.04782067065313 0.2289929615325 1.800144357851 -0.57382218923181 -0.4350750404456 0.40121330312256 0.56609689075631
4058.110000000 -0.048025315503955 0.22456372948336 1.8001099348145 -0.57426994923673 -0.4343465496134 0.40045413338789 0.56673943509794
4058.120000000 -0.048285133843561 0.22018250310724 1.8000376359959 -0.57468270738582 -0.43353040129708 0.39972424499112 0.567460751902
4058.130000000 -0.048597361295034 0.21585081641059 1.7999225575832 -0.57506682554395 -0.43265640007124 0.39900861125427 0.56824177405497
4058.140000000 -0.048958789479654 0.21157021986564 1.7997597188554 -0.57542862788623 -0.43175441871032 0.39829220360014 0.56906356119894
4058.150000000 -0.049367029809408 0.20734219223991 1.7995458225168 -0.57577260637549 -0.43084775150317 0.3975632731481 0.56991189197631
4058.160000000 -0.049822487994971 0.20316807468387 1.7992818498985 -0.57609903880499 -0.42994396562414 0.39681782589237 0.57078340635078
4058.170000000 -0.050325936479745 0.19904921961514 1.7989694529703 -0.57640762676073 -0.42904836317848 0.39605298027654 0.57167629536303
4058.180000000 -0.05087805155344 0.19498701687664 1.7986103469432 -0.57669809869424 -0.42816626020709 0.39526584123592 0.57258874537908
4058.190000000 -0.05147940263449 0.19098289291183 1.7982062624422 -0.57697021059789 -0.42730301497204 0.39445347435741 0.57351893259577
4058.200000000 -0.052131360080741 0.18703933854808 1.7977560410662 -0.57722838017477 -0.42647137602513 0.39360460106555 0.57446059966901
4058.210000000 -0.052837355416217 0.18316135682705 1.7972517611345 -0.57748819593017 -0.4257015264093 0.39268817993064 0.57539689547031
4058.220000000 -0.053601034619193 0.17935440451381 1.7966845630865 -0.57776705470823 -0.42502606227213 0.39167032868381 0.57630931843233
4058.230000000 -0.054425872876615 0.1756240604241 1.7960455740003 -0.57808246682386 -0.42447748355273 0.39051714771836 0.57717924845363
4058.240000000 -0.055315084766228 0.17197600838204 1.7953257335043 -0.5784518412331 -0.42408816426896 0.38919474964838 0.57798801297878
4058.250000000 -0.056271530055178 0.16841475927642 1.7945187949592 -0.57888275786006 -0.42386737363338 0.38769369254178 0.57872688116658
4058.260000000 -0.057297792879729 0.16494188873703 1.7936259929751 -0.5793597528918 -0.42376943775852 0.38606297585453 0.57941101044537
4058.270000000 -0.058396391544464 0.1615585845533 1.7926498703905 -0.57986394392062 -0.42374084510006 0.38436017941666 0.58005926870752
4058.280000000 -0.059569932937338 0.1582660625711 1.7915935438994 -0.58037662250383 -0.42372821371597 0.38264300808548 0.58069071399103
4058.290000000 -0.060821321304197 0.15506545933642 1.7904610579074 -0.5808795169442 -0.42367829904755 0.38096923899116 0.58132445729846
4058.300000000 -0.062152647246935 0.15195677929829 1.7892540521243 -0.58136733802312 -0.42356210037797 0.3793733673889 0.5819647871816
4058.310000000 -0.063563127267626 0.14893764469836 1.787966191288 -0.58186498194246 -0.42340846329331 0.377833914011 0.58258042313815
4058.320000000 -0.065051408911706 0.14600537821638 1.7865897991418 -0.5824018376367 -0.42325445086866 0.37632120279636 0.58313473714328
4058.330000000 -0.066615771084188 0.14315734917588 1.7851168905382 -0.58300726720398 -0.42313695253006 0.37480554089509 0.58359099745049
4058.340000000 -0.068253853666358 0.14039087805133 1.7835390090161 -0.58371036493245 -0.42309277603474 0.37325721067271 0.58391246554468
4058.350000000 -0.06996163298625 0.1377048268095 1.7818509174208 -0.58451879373179 -0.42314757730317 0.3716637640878 0.58408043458146
4058.360000000 -0.07173264125594 0.13510205824498 1.7800561987786 -0.58538940087279 -0.42330025643613 0.3700545547415 0.58411965277841
4058.370000000 -0.073560116467442 0.1325860232976 1.7781597372161 -0.58627172351919 -0.42354599648069 0.36846520689292 0.58406133785448
4058.380000000 -0.075437477306278 0.13016027451043 1.776166459483 -0.58711557953102 -0.42388008998842 0.36693152984327 0.5839368270543
4058.390000000 -0.077358479261386 0.12782849706069 1.7740814364588 -0.58787112185765 -0.42429782416722 0.36548948938434 0.58377764058104
4058.400000000 -0.079320031602294 0.12559503967287 1.7719115804257 -0.58849265733179 -0.42479532883496 0.36416725618098 0.58361590998891
4058.410000000 -0.081325973004411 0.12346567305832 1.7696678180526 -0.58894394498645 -0.42537097974053 0.36297396354704 0.58348475648069
4058.420000000 -0.083381412446554 0.12144647795892 1.7673616651438 -0.58919008002523 -0.42602361585086 0.3619159967772 0.58341729457909
4058.430000000 -0.085491842136335 0.11954379558316 1.7650046778492 -0.58919610367934 -0.42675211623303 0.36099979563366 0.58344642449171
4058.440000000 -0.087663251257945 0.11776434447194 1.7626084953777 -0.58892705071146 -0.42755523854049 0.36023174046924 0.58360478073383
4058.450000000 -0.08989794646915 0.11611238253827 1.7601804365977 -0.58837090189978 -0.42842385463021 0.35961414231276 0.58390954028008
4058.460000000 -0.092188254450253 0.11458529472012 1.7577171004041 -0.58757146709429 -0.42933008594062 0.35913970109736 0.5843407597101
4058.470000000 -0.094525082754552 0.1131794233001 1.7552136900619 -0.58658084637201 -0.43024326787686 0.35879970664265 0.58487298760439
4058.480000000 -0.096899395799513 0.11189102992851 1.7526656063657 -0.58545121608294 -0.43113288214549 0.35858558017928 0.58548073683719
4058.490000000 -0.099302199071261 0.11071616876075 1.7500684500547 -0.58423491430835 -0.43196869619693 0.35848887955206 0.58613849357173
4058.500000000 -0.10172380634843 0.10964920967132 1.7474219042439 -0.58298831986598 -0.43273777269615 0.35848405291995 0.58681498173096
4058.510000000 -0.10415269268703 0.10868101433083 1.7447351302979 -0.5817773924952 -0.43346878381767 0.35850345662048 0.58746502076998
4058.520000000 -0.10657677192004 0.10780197700263 1.7420183482086 -0.58066970617158 -0.43419655984422 0.35847303378065 0.58804177046036
4058.530000000 -0.10898322858187 0.10700262193321 1.7392810573947 -0.57973299210023 -0.43495597287659 0.35831871419843 0.58849864790387
4058.540000000 -0.11135797255268 0.10627365617123 1.7365315769032 -0.57903490822203 -0.43578194331904 0.35796662620448 0.58878906873444
4058.550000000 -0.11369226480628 0.10560953584981 1.7337751370815 -0.57861171034165 -0.43669411600687 0.35737783073632 0.58888693634575
