# Format: timestamp angular_velocity[rad/sec](x y z) linear_acceleration[m/s^2](x y z)
4052.061181068 -0.253539 -0.0568897 0.107518 -0.421523 9.94891 -2.68242
4052.065932751 -0.237951 -0.0596876 0.114046 -0.335303 9.72138 -2.76385
4052.070684910 -0.223029 -0.0659495 0.116844 -0.253872 9.55852 -2.76864
4052.075436831 -0.21357 -0.0738101 0.128835 -0.119751 9.46751 -2.85486
4052.080188751 -0.207441 -0.0767412 0.141625 -0.0838257 9.32142 -2.77104
4052.084940434 -0.201179 -0.0854012 0.153482 -0.100591 9.31184 -2.79259
4052.090052605 -0.205709 -0.0900643 0.165873 -0.160466 9.41003 -2.68003
4052.094444275 -0.210639 -0.0932619 0.174933 -0.340093 9.69025 -2.62255
4052.099196434 -0.220364 -0.0936616 0.170003 -0.534089 9.82677 -2.48364
4052.103948355 -0.229025 -0.0933951 0.166806 -0.60115 9.98244 -2.32317
4052.108700275 -0.240616 -0.0919296 0.161343 -0.579595 9.98244 -2.33514
4052.113451958 -0.248476 -0.0927289 0.158012 -0.495769 9.9082 -2.33275
4052.118204117 -0.25274 -0.0948606 0.155614 -0.414338 9.9082 -2.44052
4052.122955799 -0.250208 -0.0968591 0.153616 -0.308958 9.8076 -2.46927
4052.127707958 -0.239417 -0.101256 0.160277 -0.193997 9.78126 -2.51238
4052.132459879 -0.225161 -0.10472 0.16534 -0.105381 9.8076 -2.58183
4052.137211800 -0.205975 -0.107251 0.16907 -0.102986 9.79323 -2.62973
4052.141927719 -0.182793 -0.109783 0.171069 -0.124541 9.69743 -2.70877
4052.146715403 -0.158678 -0.112181 0.170136 -0.112566 9.57768 -2.76385
4052.151467323 -0.138427 -0.114579 0.173201 -0.0646655 9.52499 -2.7399
4052.156219482 -0.116977 -0.114179 0.174 -0.00239502 9.58247 -2.692
4052.160971165 -0.107384 -0.119508 0.171735 -0.00239502 9.52978 -2.60099
4052.165723324 -0.0988576 -0.115645 0.172534 -0.0287402 9.5681 -2.51717
4052.170475006 -0.0987243 -0.115245 0.170003 -0.0886157 9.58966 -2.45729
4052.175226927 -0.106851 -0.11258 0.16494 -0.0287402 9.51062 -2.40699
4052.180287361 -0.117776 -0.107251 0.161343 0.0622705 9.4723 -2.36867
4052.184731007 -0.120708 -0.108184 0.162942 0.0598755 9.47949 -2.4525
4052.189482689 -0.128835 -0.106319 0.154415 -0.0191602 9.55613 -2.37346
4052.194234848 -0.133631 -0.0963262 0.14802 0.00239502 9.65672 -2.41657
4052.198947906 -0.137761 -0.0951271 0.14349 0.00718506 9.72857 -2.3567
4052.203738451 -0.1311 -0.0871332 0.132832 -0.112566 9.7597 -2.39981
4052.208490372 -0.130567 -0.076608 0.120441 -0.0981958 9.78365 -2.34951
4052.213242531 -0.124704 -0.0683476 0.108583 -0.136516 9.84353 -2.36149
4052.217994213 -0.121773 -0.0584885 0.0959265 -0.162861 9.88904 -2.36628
4052.222746372 -0.118043 -0.0515605 0.0832695 -0.165256 9.95131 -2.36149
4052.227497816 -0.111115 -0.0436998 0.0671485 -0.170046 9.95131 -2.41418
4052.232609987 -0.111381 -0.035706 0.0506279 -0.138911 9.91299 -2.37586
4052.237001896 -0.109116 -0.0273124 0.0365054 -0.174836 9.82916 -2.37825
4052.241753817 -0.106452 -0.0263798 0.0246478 -0.162861 9.86269 -2.37825
4052.246505737 -0.101256 -0.0227825 0.00786064 -0.155676 9.82437 -2.39981
4052.251257896 -0.104453 -0.024781 -0.000532925 -0.0670605 9.79802 -2.42136
4052.256009340 -0.10472 -0.0289112 -0.00746095 0.0119751 9.77647 -2.50759
4052.260761499 -0.102055 -0.0346401 -0.00346401 0.150886 9.71659 -2.47645
4052.265513420 -0.0995237 -0.0421011 0.000666156 0.251477 9.55852 -2.43094
4052.270265341 -0.0995237 -0.0519602 0.00772741 0.320933 9.4723 -2.61536
4052.275017262 -0.100057 -0.0595544 0.0238484 0.378413 9.43159 -2.71835
4052.279769421 -0.0985911 -0.0686141 0.0414349 0.404758 9.53457 -2.6465
4052.284520864 -0.104986 -0.0771409 0.0590214 0.411943 9.58487 -2.60578
4052.289237022 -0.114446 -0.0863338 0.0714119 0.359253 9.59445 -2.54112
4052.294024944 -0.129634 -0.0960597 0.0855345 0.263452 9.74533 -2.4022
4052.298848867 -0.147887 -0.0969923 0.0960597 0.256267 9.8579 -2.27527
4052.303528786 -0.166406 -0.102988 0.107518 0.246687 9.81958 -2.25132
4052.308244467 -0.187456 -0.104853 0.114845 0.361648 9.7142 -2.23216
4052.313032389 -0.201979 -0.110049 0.124704 0.347278 9.62319 -2.21539
4052.317784548 -0.216101 -0.113113 0.135096 0.373623 9.56092 -2.31838
4052.322896242 -0.219032 -0.119375 0.145755 0.344883 9.53697 -2.34951
4052.327249527 -0.217966 -0.126703 0.155881 0.354463 9.45793 -2.43573
4052.332040310 -0.206775 -0.138694 0.161743 0.364043 9.38608 -2.49082
4052.336791992 -0.207974 -0.150018 0.171202 0.438289 9.33579 -2.58423
4052.341543913 -0.20038 -0.162409 0.179329 0.455054 9.29507 -2.58662
4052.346257448 -0.203444 -0.173734 0.190521 0.433499 9.41243 -2.48603
4052.351047754 -0.209839 -0.183326 0.197182 0.443079 9.47949 -2.51477
4052.355799913 -0.229691 -0.201046 0.202911 0.435894 9.42201 -2.38783
4052.360551834 -0.248743 -0.213037 0.212637 0.555645 9.43398 -2.32796
4052.365303516 -0.273391 -0.226626 0.225028 0.57241 9.34058 -2.32077
4052.370055437 -0.296706 -0.240216 0.237685 0.64905 9.19448 -2.24892
4052.374807596 -0.31789 -0.247011 0.249009 0.66821 9.12742 -2.213
4052.379559278 -0.339207 -0.262332 0.2614 0.64426 9.13939 -2.18426
4052.384311438 -0.355594 -0.267262 0.268994 0.534089 9.27591 -2.06211
4052.389063120 -0.367319 -0.266729 0.26966 0.399968 9.47709 -2.03577
4052.394175053 -0.367851 -0.264331 0.263931 0.316143 9.53697 -2.10762
4052.398566961 -0.363855 -0.264064 0.258469 0.265847 9.5226 -2.019
4052.403318882 -0.352263 -0.260201 0.247277 0.193997 9.58487 -2.019
4052.408070803 -0.336409 -0.249809 0.233155 0.182021 9.71899 -2.00463
4052.412822962 -0.318023 -0.238084 0.213969 0.150886 9.78844 -1.88009
4052.417574644 -0.300037 -0.227559 0.195583 0.0934058 9.8579 -1.91123
4052.422326565 -0.280185 -0.213436 0.176265 0.0958008 9.91059 -1.8274
4052.427078485 -0.26966 -0.200646 0.156147 0.0958008 9.88904 -1.81782
4052.431830406 -0.262332 -0.184658 0.13523 0.0886157 9.76689 -1.80584
4052.436546564 -0.261266 -0.174799 0.119908 0.158071 9.6639 -1.73639
4052.441334486 -0.27459 -0.159211 0.103387 0.182021 9.54655 -1.60466
4052.446086168 -0.29151 -0.149885 0.0876662 0.217947 9.47949 -1.52802
4052.450838089 -0.314692 -0.138694 0.0786064 0.299377 9.43638 -1.45138
4052.455554247 -0.334544 -0.129368 0.0747427 0.378413 9.31663 -1.46096
4052.460341930 -0.353729 -0.121773 0.0758086 0.534089 9.11544 -1.43701
4052.465453863 -0.36945 -0.115112 0.0889985 0.617915 8.99569 -1.47054
4052.469845772 -0.372781 -0.111781 0.10472 0.66821 8.78493 -1.5376
4052.474558830 -0.37358 -0.105253 0.126037 0.725691 8.76577 -1.54479
4052.479349613 -0.357992 -0.104054 0.147487 0.608335 8.83044 -1.55437
4052.484101295 -0.344136 -0.0977917 0.166006 0.57241 9.00048 -1.48012
4052.488853455 -0.326683 -0.0888652 0.180528 0.435894 9.27352 -1.40588
4052.493566751 -0.304567 -0.0804717 0.192786 0.328118 9.48428 -1.31247
4052.498357296 -0.276721 -0.0683476 0.197315 0.172441 9.85551 -1.22865
4052.503109217 -0.251274 -0.054758 0.200113 0.00718506 10.2004 -1.16158
4052.507861137 -0.220631 -0.0383706 0.192386 -0.136516 10.4351 -1.07536
4052.512612820 -0.190254 -0.016121 0.1744 -0.296982 10.6818 -0.936453
4052.517364979 -0.165873 0.00333078 0.161077 -0.364043 10.8806 -0.761616
4052.522116899 -0.146021 0.0226493 0.141891 -0.450264 11.0291 -0.754431
4052.526868820 -0.123106 0.0444992 0.114979 -0.483794 11.0626 -0.682581
4052.531620741 -0.10845 0.070879 0.0927289 -0.538879 11.0818 -0.63947
4052.536732435 -0.0876662 0.0915299 0.0663492 -0.579595 11.1943 -0.62989
4052.541124344 -0.0739433 0.109916 0.0399694 -0.59157 11.156 -0.62031
4052.545876503 -0.0603538 0.132299 0.0118576 -0.57241 11.1129 -0.632285
4052.550628185 -0.0488959 0.15175 -0.00519602 -0.498164 10.871 -0.725691
4052.555380344 -0.0414349 0.16534 -0.0223828 -0.452659 10.7033 -0.814307
4052.560132265 -0.0301103 0.177997 -0.0311761 -0.275427 10.5453 -0.862207
4052.564883947 -0.0218499 0.185325 -0.0367718 -0.196392 10.4351 -0.943638
4052.569635868 -0.0194518 0.193452 -0.0381041 -0.0886157 10.3465 -0.965193
4052.574388027 -0.0135896 0.195317 -0.0306432 0.0191602 10.2387 -0.991538
4052.579139709 -0.0119908 0.194251 -0.0229158 0.0766406 10.1501 -1.01788
4052.583855629 -0.0105253 0.193585 -0.0113247 0.129331 10.0735 -1.0586
4052.588643789 -0.00706126 0.189721 0.00546248 0.189207 9.94412 -1.13524
4052.593395472 -0.00266462 0.184126 0.0274456 0.222737 9.73096 -1.20469
4052.598147392 0.00119908 0.180662 0.0397029 0.225132 9.68306 -1.24541
4052.602863550 -0 0.175332 0.0584885 0.261057 9.6639 -1.16637
4052.607651234 -0.00319755 0.166273 0.0730107 0.215552 9.58726 -1.21906
4052.612403393 -0.00652833 0.159345 0.081804 0.170046 9.60642 -1.23344
4052.617155075 -0.00959265 0.155348 0.0896646 0.0670605 9.65672 -1.12566
4052.621868134 -0.0235819 0.148686 0.0915299 0.0910107 9.68067 -1.02986
4052.627018929 -0.0285115 0.144289 0.0893982 0.0574805 9.62079 -1.04662
4052.631410837 -0.0427672 0.139093 0.0877994 -0.00718506 9.61361 -1.09452
4052.636162758 -0.0462312 0.131499 0.0823369 -0.0407153 9.62319 -1.11368
4052.640876293 -0.0514273 0.128835 0.074876 -0.124541 9.58247 -1.14003
4052.645666599 -0.0599541 0.121507 0.0627519 -0.158071 9.57289 -1.16398
4052.650418520 -0.0695467 0.118443 0.049562 -0.213157 9.58966 -1.0562
4052.655170441 -0.0772741 0.111248 0.0361057 -0.323328 9.68067 -1.07057
4052.659922361 -0.0912634 0.104587 0.0207841 -0.304167 9.68546 -0.958008
4052.664674282 -0.103121 0.0983247 0.00786064 -0.316143 9.60403 -1.03944
4052.669426441 -0.115645 0.0895314 -0.00133231 -0.198787 9.59684 -1.04183
4052.674178123 -0.128968 0.0832695 -0.0106585 -0.215552 9.54655 -0.914897
4052.678930044 -0.139493 0.0756753 -0.0142557 -0.213157 9.48907 -0.953218
4052.683681965 -0.144156 0.0638178 -0.0187856 -0.162861 9.57289 -0.922083
4052.688433886 -0.13936 0.0582221 -0.0275789 -0.270637 9.76689 -0.929268
4052.693185806 -0.136296 0.0506279 -0.0366386 -0.311353 9.87706 -0.941243
4052.698297501 -0.120308 0.0466309 -0.0439663 -0.402363 9.99442 -0.931663
4052.702689648 -0.10885 0.0464977 -0.0554242 -0.431104 10.004 -0.874182
4052.707441568 -0.0895314 0.0442328 -0.0711455 -0.392783 10.0471 -0.831072
4052.712193251 -0.0711455 0.0415681 -0.0836692 -0.366438 10.0351 -0.826282
4052.716945410 -0.0584885 0.0438331 -0.0943277 -0.268242 10.0447 -0.802332
4052.721697330 -0.040902 0.0418346 -0.101123 -0.249082 9.87946 -0.785566
4052.726449251 -0.0261133 0.0410352 -0.108717 -0.186812 9.78126 -0.740061
4052.731201172 -0.0223828 0.0369051 -0.112314 0.00239502 9.72138 -0.792751
4052.735953093 -0.012657 0.0326417 -0.110315 0.0574805 9.56571 -0.778381
4052.740704775 -0.0133231 0.0326417 -0.105786 0.167651 9.54894 -0.677791
4052.745456934 -0.0154548 0.0286447 -0.0945942 0.198787 9.48907 -0.701741
4052.750173092 -0.0142557 0.0286447 -0.0872665 0.193997 9.53697 -0.675396
4052.754960775 -0.0137228 0.0215835 -0.0798055 0.220342 9.63516 -0.661025
4052.759712696 -0.0135896 0.0254472 -0.0715452 0.215552 9.64953 -0.579595
4052.764464617 -0.0101256 0.0257136 -0.0650168 0.205972 9.7142 -0.543669
4052.769216299 -0.00772741 0.0291776 -0.0611531 0.155676 9.77886 -0.486189
4052.773968458 0.00452986 0.0399694 -0.0620858 0.0862207 9.91059 -0.524509
4052.778720140 0.010925 0.046098 -0.0646172 -0.0335303 10.0591 -0.524509
4052.783472300 0.0179862 0.0558239 -0.0672818 -0.0407153 10.083 -0.471819
4052.788532495 0.0215835 0.0706126 -0.0722113 0.0479004 10.1309 -0.411943
4052.792975903 0.0198515 0.0842021 -0.0787397 0.100591 10.1333 -0.292192
4052.797727823 0.0187856 0.0949939 -0.0840689 0.0550854 10.2243 -0.277822
4052.802479982 0.014389 0.109916 -0.0915299 0.0311353 10.3752 -0.253872
4052.807193041 0.00586217 0.123372 -0.10392 -0.0167651 10.4758 -0.201182
4052.811983824 -0.0113247 0.136562 -0.115645 -0.0838257 10.5333 -0.0981958
4052.816735744 -0.0239816 0.15668 -0.129368 -0.110171 10.5549 -0.0574805
4052.821487427 -0.0387703 0.174266 -0.148286 -0.143701 10.5261 -0.0502954
4052.826239347 -0.0504946 0.193718 -0.16534 -0.110171 10.5405 -0.0335303
4052.830991507 -0.0550245 0.205309 -0.179329 -0.0670605 10.4974 -0.0838257
4052.835743189 -0.0524931 0.220231 -0.189455 0.0479004 10.4303 -0.253872
4052.840855122 -0.0398361 0.228358 -0.195983 0.129331 10.2315 -0.294587
4052.845247269 -0.0253139 0.243147 -0.188789 0.275427 10.1764 -0.337698
4052.849998951 -0.00826034 0.251008 -0.186657 0.241897 10.107 -0.522114
4052.854750872 0.00652833 0.256337 -0.179462 0.323328 10.1094 -0.373623
4052.859502792 0.0162542 0.262466 -0.172801 0.352068 10.0782 -0.378413
4052.864254713 0.024781 0.271658 -0.157213 0.423918 10.0232 -0.325723
4052.869006872 0.0254472 0.270459 -0.141625 0.507744 9.96089 -0.256267
4052.873758554 0.0210505 0.271525 -0.119508 0.608335 9.82916 -0.349673
4052.878510475 0.0198515 0.274723 -0.0949939 0.713716 9.68785 -0.443079
4052.883262396 0.0198515 0.273391 -0.0682144 0.871787 9.65432 -0.361648
4052.888014317 0.0227825 0.274723 -0.0417014 0.902922 9.78365 -0.431104
4052.892766237 0.0223828 0.270193 -0.0177198 0.831072 9.89622 -0.411943
4052.897482157 0.0289112 0.268328 0.00319755 0.799937 9.98723 -0.313748
4052.902270079 0.0358392 0.272991 0.0207841 0.775986 10.1142 -0.376018
4052.907021999 0.0487626 0.278853 0.0275789 0.723296 10.2243 -0.332908
4052.911773920 0.0684809 0.281784 0.0354395 0.64905 10.3273 -0.421523
4052.916489840 0.0868668 0.288179 0.0406355 0.65863 10.4231 -0.488584
4052.921277761 0.11338 0.297639 0.0343737 0.574805 10.5716 -0.500559
4052.926029921 0.13483 0.306299 0.03051 0.560435 10.5788 -0.462239
4052.931141376 0.15175 0.320288 0.0223828 0.593965 10.5549 -0.455054
4052.935494661 0.163608 0.332012 0.00985911 0.6251 10.471 -0.507744
4052.940285206 0.172401 0.341472 0.00159877 0.656235 10.4279 -0.510139
4052.945037365 0.180928 0.352263 -0.00759418 0.63947 10.4207 -0.541274
4052.949789286 0.188389 0.361323 -0.0242481 0.646655 10.3656 -0.574805
4052.954502583 0.195317 0.369184 -0.0399694 0.64426 10.368 -0.708926
4052.959293127 0.203711 0.376378 -0.0519602 0.656235 10.4543 -0.694556
4052.964045048 0.214902 0.382374 -0.0698132 0.63947 10.4638 -0.828677
4052.968796730 0.221297 0.385438 -0.0867335 0.661025 10.4135 -0.902922
4052.973548889 0.228891 0.383306 -0.104187 0.723296 10.3537 -0.960403
4052.978300810 0.232489 0.383573 -0.115645 0.852627 10.2698 -1.02267
4052.983052731 0.236086 0.380908 -0.122573 0.941243 10.1956 -1.13045
4052.987804651 0.236619 0.375179 -0.126303 1.01309 10.107 -1.25739
4052.992556572 0.23502 0.367985 -0.130567 1.07536 10.0088 -1.36277
4052.997308254 0.22676 0.357726 -0.132032 1.09692 9.92736 -1.346
4053.002420425 0.206642 0.345868 -0.133364 1.11368 9.88664 -1.2526
4053.006812334 0.189055 0.33441 -0.132698 1.04902 9.87946 -1.35079
4053.011564255 0.162276 0.318956 -0.134031 1.01549 9.89862 -1.3484
4053.016316175 0.130167 0.307897 -0.132432 1.02267 9.85551 -1.35319
4053.021067858 0.0953936 0.289778 -0.130966 0.998723 9.75731 -1.41785
4053.025819778 0.0599541 0.270593 -0.126037 1.04662 9.67348 -1.44899
4053.030571938 0.0231822 0.251541 -0.119242 1.03225 9.69025 -1.50168
4053.035323620 -0.0179862 0.229824 -0.11258 0.979563 9.68306 -1.56634
4053.040075779 -0.0558239 0.20944 -0.106052 0.905317 9.74533 -1.64298
4053.044791698 -0.0945942 0.18719 -0.100323 0.850232 9.84593 -1.6813
4053.049579382 -0.126969 0.167738 -0.0987243 0.759221 9.96089 -1.77231
4053.054331303 -0.152417 0.152283 -0.097925 0.598755 10.0711 -1.80345
4053.059083462 -0.183459 0.136695 -0.10392 0.431104 10.1932 -1.78908
4053.063799381 -0.21277 0.123639 -0.111115 0.304167 10.3393 -1.75076
4053.068587303 -0.235953 0.117243 -0.124172 0.179626 10.4303 -1.81063
4053.073698997 -0.255671 0.110182 -0.139227 0.0239502 10.5644 -1.81542
4053.078090906 -0.278453 0.103387 -0.161077 -0.126936 10.7704 -1.80345
4053.082804203 -0.304433 0.100323 -0.184392 -0.210762 10.78 -1.83698
4053.087594748 -0.327616 0.0935283 -0.207708 -0.320933 10.7321 -1.76513
4053.092346668 -0.356926 0.0892649 -0.231822 -0.282612 10.6842 -1.79387
4053.097098827 -0.383839 0.0879326 -0.248743 -0.306563 10.5956 -1.85135
4053.101811647 -0.411018 0.0815375 -0.264198 -0.253872 10.483 -1.93278
4053.106602430 -0.433801 0.0754089 -0.27419 -0.275427 10.3848 -2.019
4053.111354351 -0.451521 0.0690138 -0.281651 -0.263452 10.38 -2.05972
4053.116106272 -0.460314 0.0651501 -0.281251 -0.268242 10.3992 -2.10762
4053.120858192 -0.466443 0.0563568 -0.279253 -0.256267 10.3513 -2.19384
4053.125610352 -0.464178 0.0474303 -0.271925 -0.215552 10.2507 -2.19863
4053.130362034 -0.460447 0.0410352 -0.258335 -0.198787 10.0926 -2.23216
4053.135113955 -0.46058 0.0335743 -0.245145 -0.172441 9.92975 -2.15552
4053.139865875 -0.460314 0.0306432 -0.226227 -0.222737 9.82198 -2.07409
4053.144977808 -0.465776 0.0271792 -0.210639 -0.263452 9.79084 -1.86812
4053.149369717 -0.476968 0.0279786 -0.193452 -0.387993 9.82437 -1.70286
4053.154121876 -0.496819 0.0271792 -0.179862 -0.459844 9.79084 -1.59748
4053.158873320 -0.514939 0.0286447 -0.17027 -0.584385 9.70701 -1.51365
4053.163625479 -0.533458 0.0315758 -0.160677 -0.522114 9.68546 -1.34121
4053.168377161 -0.546248 0.0345069 -0.146554 -0.490979 9.62558 -1.30768
4053.173129320 -0.553975 0.0417014 -0.134963 -0.507744 9.61361 -1.31726
4053.177881241 -0.55744 0.0419678 -0.12617 -0.514929 9.63037 -1.22385
4053.182633162 -0.555841 0.0439663 -0.116577 -0.543669 9.63037 -1.3005
4053.187384844 -0.540786 0.0510276 -0.106052 -0.632285 9.60642 -1.27894
4053.192101002 -0.517603 0.0574227 -0.0988576 -0.64905 9.63756 -1.37235
4053.196888685 -0.495087 0.0628851 -0.0943277 -0.732876 9.64474 -1.33882
4053.201640844 -0.468041 0.0695467 -0.0909969 -0.795146 9.616 -1.25499
4053.206392765 -0.437931 0.0799387 -0.0846018 -0.857417 9.60882 -1.08973
4053.211108446 -0.413417 0.0905972 -0.0804717 -0.783171 9.64474 -1.0107
4053.215896368 -0.3921 0.0987243 -0.0754089 -0.785566 9.72378 -0.931663
4053.220648527 -0.371982 0.107651 -0.0648836 -0.759221 9.82198 -0.905317
4053.225400209 -0.347201 0.116311 -0.0507611 -0.764011 9.84593 -0.823887
4053.230113506 -0.329747 0.124305 -0.0385038 -0.744851 9.82677 -0.816702
4053.235264301 -0.31256 0.137361 -0.0243813 -0.740061 9.95131 -0.773591
4053.239656210 -0.298704 0.143757 -0.0130567 -0.773591 9.98484 -0.744851
4053.244407892 -0.288312 0.155081 0.00319755 -0.766406 10.0232 -0.730481
4053.249121189 -0.274989 0.165207 0.0186524 -0.756826 10.0279 -0.716111
4053.253911734 -0.266063 0.177464 0.0349066 -0.720901 10.0687 -0.603545
4053.258663893 -0.25727 0.186524 0.040902 -0.764011 10.0232 -0.673
4053.263415575 -0.240882 0.19585 0.0480965 -0.852627 10.0639 -0.58199
4053.268167734 -0.224361 0.207574 0.0527596 -0.893342 10.0399 -0.593965
4053.272919416 -0.201046 0.215035 0.0592879 -0.898132 10.0663 -0.684976
4053.277671337 -0.174666 0.223429 0.0628851 -0.838257 9.93694 -0.718506
4053.282423258 -0.146821 0.231556 0.0631516 -0.869392 9.88904 -0.725691
4053.287175417 -0.116178 0.231423 0.0687473 -0.823887 9.82677 -0.692161
4053.291927099 -0.0815375 0.233554 0.0735436 -0.811912 9.81479 -0.704136
4053.296679258 -0.05649 0.228358 0.0806049 -0.699346 9.74294 -0.761616
4053.301430941 -0.03917 0.225161 0.0876662 -0.661025 9.61121 -0.790356
4053.306542873 -0.0159877 0.222629 0.0995237 -0.622705 9.56092 -0.823887
4053.310934782 -0.00359724 0.213969 0.110449 -0.62989 9.51062 -0.771196
4053.315686941 0.00519602 0.205975 0.120708 -0.65384 9.48907 -0.826282
4053.320438623 0.016121 0.194917 0.135096 -0.6251 9.46991 -0.723296
4053.325226545 0.0226493 0.185591 0.142957 -0.64905 9.50344 -0.732876
4053.329942226 0.0278453 0.175199 0.156946 -0.546064 9.44117 -0.723296
4053.334694386 0.0306432 0.157346 0.169737 -0.474214 9.31663 -0.670605
4053.339446306 0.0373047 0.145489 0.185325 -0.428708 9.24478 -0.807122
4053.344198227 0.0491623 0.128035 0.202511 -0.404758 9.22322 -0.835862
4053.348950148 0.0611531 0.109383 0.216767 -0.325723 9.21364 -0.926873
4053.353702307 0.0808714 0.090464 0.229824 -0.299377 9.35495 -1.01309
4053.358417988 0.0980582 0.0742098 0.241415 -0.337698 9.46751 -1.03704
4053.363205910 0.118709 0.0563568 0.249542 -0.296982 9.58966 -1.03225
4053.367957830 0.127769 0.0335743 0.258069 -0.249082 9.62798 -0.967588
4053.372709751 0.1311 0.014389 0.266196 -0.253872 9.6639 -0.974773
4053.377461672 0.132032 -0.0063951 0.272058 -0.220342 9.75252 -0.989143
4053.382213831 0.125237 -0.0251807 0.27792 -0.150886 9.72138 -1.0107
4053.386965275 0.114446 -0.0498285 0.278986 -0.129331 9.64474 -0.948428
4053.391717434 0.100989 -0.0715452 0.286314 -0.143701 9.61121 -0.888552
4053.396777630 0.0762083 -0.0909969 0.287646 -0.0814307 9.59684 -0.881367
4053.401221275 0.0499617 -0.112447 0.294574 -0 9.49865 -0.878972
4053.405973196 0.0254472 -0.134697 0.300436 0.165256 9.45075 -0.811912
4053.410725117 0.00399694 -0.156147 0.31376 0.193997 9.37171 -0.747246
4053.415438175 -0.00959265 -0.177064 0.318023 0.217947 9.41961 -0.850232
4053.420228958 -0.0202511 -0.19625 0.322286 0.237107 9.49625 -0.862207
4053.424980640 -0.0191853 -0.210239 0.326816 0.268242 9.50823 -0.843047
4053.429732800 -0.0193185 -0.229557 0.335743 0.325723 9.54655 -0.929268
4053.434484720 -0.00959265 -0.245678 0.336809 0.423918 9.616 -0.881367
4053.439236641 0.00106585 -0.258602 0.341738 0.419128 9.67348 -0.943638
4053.443988323 0.00492956 -0.270459 0.343737 0.495769 9.69264 -0.965193
4053.449100494 0.00386371 -0.280851 0.348 0.5772 9.7597 -0.890947
4053.453492165 0.00186524 -0.29111 0.351997 0.689766 9.72617 -0.816702
4053.458244324 -0.00626187 -0.303101 0.354262 0.725691 9.6663 -0.787961
4053.462996244 -0.0165207 -0.313893 0.353063 0.687371 9.73575 -0.718506
4053.467748165 -0.0271792 -0.320288 0.356926 0.673 9.80042 -0.728086
4053.472499847 -0.0444992 -0.328681 0.359058 0.713716 9.90341 -0.680186
4053.477252007 -0.0524931 -0.331346 0.361057 0.718506 9.89862 -0.708926
4053.482003689 -0.0591547 -0.340672 0.362123 0.723296 9.88904 -0.720901
4053.486755848 -0.0630184 -0.342538 0.362655 0.783171 9.94412 -0.775986
4053.491507530 -0.0568897 -0.349199 0.370516 0.814307 9.92496 -0.835862
4053.496259689 -0.0458315 -0.357593 0.371449 0.859812 9.93933 -0.840652
4053.501011372 -0.0337075 -0.357193 0.376645 0.871787 9.93215 -0.934058
4053.505727291 -0.0157213 -0.361456 0.381574 0.931663 9.96328 -0.826282
4053.510515213 -0.000932619 -0.363588 0.385838 0.969983 9.97765 -0.852627
4053.515267372 0.00719449 -0.363988 0.388103 0.986748 9.9561 -0.862207
4053.520019054 0.010392 -0.365986 0.393965 1.00112 9.93933 -0.809517
4053.524734974 0.0150551 -0.36079 0.394364 0.972378 10.0351 -0.744851
4053.525920630 -0.0349066 -0.34307 0.38304 1.05141 10.0232 -0.541274
4053.548494577 -0.0567565 -0.336809 0.377044 1.09213 9.98244 -0.58199
4053.553246498 -0.0675482 -0.328149 0.379709 1.16398 10.0016 -0.536484
4053.557998419 -0.077807 -0.319355 0.379709 1.18553 10.1142 -0.608335
4053.562711716 -0.0786064 -0.30923 0.37851 1.13763 10.1237 -0.617915
4053.567502499 -0.0742098 -0.301769 0.376645 1.16398 10.1501 -0.632285
4053.572254181 -0.0590214 -0.287646 0.377311 1.14242 10.2243 -0.65384
4053.577006102 -0.0417014 -0.270193 0.371848 1.14003 10.3201 -0.62989
4053.581758022 -0.0163874 -0.258069 0.372648 1.11847 10.4207 -0.701741
4053.586509943 0.00826034 -0.243547 0.369583 1.12566 10.4471 -0.56762
4053.591261864 0.0259801 -0.223429 0.366519 1.10171 10.5261 -0.531694
4053.596014023 0.0422343 -0.207441 0.359058 1.20469 10.5046 -0.426313
4053.600765705 0.0446325 -0.191453 0.356394 1.28134 10.3896 -0.359253
4053.605517626 0.0439663 -0.168671 0.355861 1.46815 10.2028 -0.296982
4053.610629559 0.0335743 -0.154681 0.361989 1.54958 9.98005 -0.217947
4053.615021467 0.0229158 -0.137894 0.369717 1.6837 9.94412 -0.184417
4053.619773388 0.00879326 -0.120841 0.377444 1.75555 9.9058 -0.148491
4053.624525547 -0.010925 -0.105253 0.389302 1.73399 10.0232 -0.110171
4053.629277229 -0.0173201 -0.0876662 0.390501 1.69807 10.1525 -0.0958008
4053.634029150 -0.0287779 -0.0690138 0.39623 1.65975 10.2507 -0.0263452
4053.638780832 -0.0221164 -0.0488959 0.398894 1.66214 10.2291 -0.184417
4053.643532991 -0.0171868 -0.0347734 0.399694 1.71962 10.1836 -0.241897
4053.648284912 -0.000133231 -0.0114579 0.406355 1.61664 10.301 -0.378413
4053.653000593 0.0210505 0.00253139 0.393965 1.63819 10.4088 -0.459844
4053.657788754 0.0407688 0.0221164 0.388902 1.59508 10.4231 -0.431104
4053.662540674 0.0592879 0.0399694 0.381708 1.64059 10.3752 -0.313748
4053.667292356 0.0724778 0.0568897 0.378776 1.66693 10.3441 -0.385598
4053.672008514 0.0791394 0.0672818 0.372248 1.62622 10.3082 -0.287402
4053.676796436 0.0799387 0.087 0.365853 1.61185 10.3465 -0.215552
4053.681908131 0.0692802 0.097925 0.358925 1.60706 10.392 -0.0646655
4053.686300278 0.0560904 0.113247 0.35293 1.67172 10.3968 0.0910107
4053.691013336 0.0331746 0.122706 0.347734 1.69807 10.4423 0.100591
4053.695803881 0.0189188 0.135496 0.350531 1.86812 10.4686 0.141306
4053.700556040 0.00546248 0.13856 0.35253 1.96871 10.4064 0.0455054
4053.705307961 0.000932619 0.144556 0.366652 2.13636 10.3153 0.0550854
4053.710021257 0.00319755 0.14802 0.38304 2.25371 10.2243 -0.234712
4053.714811802 0.0166539 0.149752 0.402358 2.39741 10.1525 -0.270637
4053.719563484 0.035706 0.15175 0.420345 2.43813 10.1597 -0.280217
4053.724315405 0.0492956 0.146688 0.438464 2.41897 10.2195 -0.337698
4053.729067564 0.0603538 0.148553 0.455917 2.39023 10.2148 -0.213157
4053.733819246 0.0624855 0.14762 0.465643 2.33993 10.2746 -0.114961
4053.738571405 0.0576891 0.150285 0.470306 2.29922 10.2938 -0.0598755
4053.743323326 0.0411685 0.151617 0.47417 2.213 10.2651 -0.0359253
4053.748075008 0.0253139 0.152283 0.474969 2.20102 10.289 -0.0574805
4053.753186941 -0.00199847 0.151084 0.472038 2.19623 10.3752 0.146096
4053.757579088 -0.0259801 0.153616 0.467508 2.19384 10.3824 0.0526904
4053.762330770 -0.0484962 0.155081 0.468841 2.28245 10.3561 -0.0215552
4053.767082930 -0.0584885 0.150285 0.472305 2.37825 10.3537 -0.102986
4053.771834850 -0.0600873 0.146554 0.4779 2.39262 10.2722 -0.217947
4053.776586533 -0.0584885 0.144156 0.483763 2.52196 10.198 -0.268242
4053.781338453 -0.0498285 0.136162 0.489492 2.55788 10.0878 -0.342488
4053.786090612 -0.0385038 0.131233 0.501216 2.63213 10.0351 -0.397573
4053.790842295 -0.0311761 0.124838 0.510142 2.61776 10.0878 -0.387993
4053.795594454 -0.0205176 0.117776 0.513207 2.60339 10.1094 -0.275427
4053.800309896 -0.0246478 0.117643 0.519335 2.56746 10.083 -0.201182
4053.805098057 -0.0373047 0.110449 0.523066 2.62494 10.0399 -0.0526904
4053.809849977 -0.058755 0.109783 0.524531 2.63452 9.98005 -0.110171
4053.814601898 -0.0736769 0.106185 0.527329 2.74469 9.8603 -0.0862207
4053.819317579 -0.0879326 0.100057 0.53106 2.82133 9.72857 -0.141306
4053.824105978 -0.104453 0.0983247 0.534923 2.8381 9.58247 -0.227527
4053.828857660 -0.118043 0.0935283 0.543184 2.91953 9.55852 -0.217947
4053.833645582 -0.131632 0.0871332 0.546381 2.82852 9.62558 -0.222737
4053.838361502 -0.142824 0.0905972 0.546515 2.84528 9.64714 -0.258662
4053.843473434 -0.150818 0.0844686 0.549979 2.79259 9.70222 -0.162861
4053.847865343 -0.156547 0.0864671 0.552643 2.84768 9.71659 -0.0574805
4053.852617502 -0.164674 0.0896646 0.552776 2.94348 9.67109 -0.0407153
4053.857330322 -0.171469 0.0908637 0.553975 2.96264 9.5705 0.0622705
4053.862121105 -0.175865 0.101256 0.555175 3.06563 9.46991 0.146096
4053.866873026 -0.176265 0.107917 0.559704 3.10874 9.40045 0.0886157
4053.871624947 -0.171469 0.11338 0.558905 3.05365 9.41722 0.0167651
4053.876376867 -0.167472 0.126436 0.558639 3.02251 9.49625 0.102986
4053.881128788 -0.160677 0.139093 0.548513 2.93629 9.63037 0.203577
4053.885880709 -0.157479 0.150551 0.537055 2.9818 9.54176 0.232317
4053.890632629 -0.157879 0.167605 0.522666 3.00335 9.60642 0.299377
4053.895384312 -0.162675 0.183459 0.510276 3.13508 9.52978 0.373623
4053.900136471 -0.171469 0.193452 0.500949 3.23328 9.46272 0.419128
4053.904888391 -0.176132 0.206508 0.501882 3.40093 9.30465 0.443079
4053.909640312 -0.184259 0.213037 0.499617 3.52547 9.22083 0.395178
4053.914752007 -0.192919 0.22223 0.503881 3.57816 9.3286 0.438289
4053.919144154 -0.192519 0.23009 0.506279 3.66198 9.41961 0.392783
4053.923895836 -0.185858 0.229691 0.507078 3.71228 9.5202 0.390388
4053.928647995 -0.180528 0.235953 0.515871 3.68833 9.57289 0.378413
4053.933399916 -0.167205 0.242081 0.517204 3.70749 9.70941 0.419128
4053.938151836 -0.153349 0.249675 0.517337 3.78413 9.74294 0.433499
4053.942903757 -0.136562 0.251407 0.519602 3.80329 9.67109 0.421523
4053.947655678 -0.12164 0.259268 0.517603 3.8488 9.61361 0.493374
4053.952407360 -0.111515 0.267129 0.513873 3.80569 9.73815 0.479004
4053.957159519 -0.0968591 0.276721 0.506279 3.73384 9.81719 0.531694
4053.961911201 -0.0823369 0.286181 0.493888 3.69312 9.92496 0.5772
4053.966627121 -0.0635513 0.294308 0.481364 3.67635 10.0016 0.498164
4053.971415281 -0.0466309 0.306432 0.465643 3.76737 9.99681 0.56283
4053.976166964 -0.0233155 0.314825 0.448057 3.86077 9.98005 0.507744
4053.980918884 -0.000266462 0.320688 0.435799 3.92783 9.86269 0.507744
4053.985671043 0.0233155 0.329881 0.423542 3.98771 9.76449 0.469424
4053.990422726 0.0522266 0.332412 0.413816 4.07153 9.58966 0.356858
4053.995174885 0.0909969 0.333478 0.402092 4.14817 9.5226 0.172441
4053.999926805 0.130833 0.333744 0.393299 4.24876 9.43398 0.0311353
4054.004987001 0.17027 0.33068 0.380242 4.25595 9.37411 0.0455054
4054.009430408 0.199314 0.331879 0.368518 4.22721 9.42919 0.0622705
4054.014182568 0.228758 0.33068 0.340672 4.04279 9.59924 0.141306
4054.018934250 0.246744 0.330547 0.316424 3.88712 9.83635 0.253872
4054.023647785 0.257936 0.335077 0.274723 3.73384 10.0782 0.361648
4054.028438330 0.262466 0.341205 0.234221 3.69791 10.1669 0.359253
4054.033190012 0.26926 0.339207 0.19092 3.71707 10.2674 0.376018
4054.037941933 0.277521 0.341072 0.150152 3.77455 10.198 0.292192
4054.042693853 0.279786 0.335609 0.113113 3.99968 9.93694 0.150886
4054.047445774 0.289245 0.328015 0.0854012 4.10985 9.70701 0.0383203
4054.052197933 0.298438 0.312827 0.069147 4.15536 9.5202 -0.0694556
4054.057309389 0.312294 0.298038 0.0524931 4.28948 9.44835 -0.232317
4054.061701536 0.32615 0.276988 0.0415681 4.42121 9.41961 -0.296982
4054.066453457 0.341871 0.256337 0.0269127 4.35175 9.48667 -0.356858
4054.071205378 0.353596 0.231423 0.0158545 4.18649 9.62798 -0.282612
4054.075957298 0.356926 0.210106 -0.00106585 4.12183 9.74773 -0.222737
4054.080709457 0.359858 0.19132 -0.0238484 4.06674 9.81 -0.134121
4054.085460901 0.352663 0.16574 -0.0442328 4.08111 9.72617 -0.0694556
4054.090213060 0.341605 0.141758 -0.0606202 4.11943 9.59924 -0.0886157
4054.094964981 0.33068 0.118309 -0.0774074 4.25116 9.4268 -0.203577
4054.099716902 0.316025 0.0899311 -0.0905972 4.22481 9.42919 -0.253872
4054.104468822 0.305366 0.0655498 -0.105119 4.20326 9.4268 -0.227527
4054.109220743 0.292576 0.0382374 -0.120175 4.17931 9.43638 -0.256267
4054.113936424 0.284049 0.0102588 -0.140292 4.09548 9.53936 -0.340093
4054.118724585 0.279519 -0.0134564 -0.161609 4.04758 9.59684 -0.359253
4054.123440266 0.276455 -0.0419678 -0.175466 4.10027 9.49146 -0.462239
4054.128192425 0.28245 -0.0706126 -0.192919 4.15536 9.38848 -0.493374
4054.132944107 0.27872 -0.099124 -0.203977 4.21763 9.22322 -0.462239
4054.137696028 0.281118 -0.126703 -0.212237 4.31104 9.06994 -0.529299
4054.142447948 0.276588 -0.156413 -0.218233 4.29667 8.88552 -0.524509
4054.147560120 0.270326 -0.18266 -0.234221 4.23918 8.95737 -0.548459
4054.151913166 0.259135 -0.205576 -0.243547 4.02363 9.12502 -0.546064
4054.156703949 0.245812 -0.223029 -0.264064 3.91586 9.45554 -0.378413
4054.161455631 0.228358 -0.239017 -0.293642 3.73623 9.616 -0.292192
4054.166207552 0.211305 -0.254338 -0.319755 3.73144 9.73336 -0.237107
4054.170921087 0.193585 -0.266329 -0.348 3.72186 9.76928 -0.150886
4054.175711632 0.17027 -0.279652 -0.373181 3.83443 9.70462 -0.138911
4054.180463314 0.154548 -0.285381 -0.393832 3.97334 9.60163 -0.241897
4054.185215473 0.142025 -0.300703 -0.405023 3.94699 9.55852 -0.261057
4054.189966917 0.140159 -0.311228 -0.417147 4.04279 9.52978 -0.469424
4054.194719076 0.147087 -0.321354 -0.425807 4.0404 9.50823 -0.510139
4054.199470997 0.15668 -0.332545 -0.431536 4.00447 9.48428 -0.627495
4054.204222918 0.161077 -0.346668 -0.437931 3.91346 9.5202 -0.665815
4054.208974838 0.17893 -0.353462 -0.442994 3.87993 9.39087 -0.670605
4054.213726997 0.189721 -0.361723 -0.448723 3.75539 9.41003 -0.64426
4054.218838692 0.192786 -0.366652 -0.458315 3.6069 9.49146 -0.57241
4054.223230600 0.193585 -0.366386 -0.474037 3.40811 9.67348 -0.428708
4054.227982521 0.189188 -0.363322 -0.49149 3.31471 9.70941 -0.258662
4054.232734442 0.175199 -0.358525 -0.510276 3.23088 9.78365 -0.203577
4054.237486362 0.166006 -0.352263 -0.527862 3.18059 9.93454 -0.189207
4054.242238522 0.153749 -0.345602 -0.548779 3.16382 9.96089 -0.215552
4054.246989965 0.14349 -0.338541 -0.561969 3.08718 9.97526 -0.294587
4054.251742125 0.137894 -0.326417 -0.582354 3.10874 9.98244 -0.323328
4054.256494045 0.133098 -0.319489 -0.595544 3.10634 10.0232 -0.423918
4054.261209965 0.137628 -0.309496 -0.610865 3.05125 10.1094 -0.55804
4054.265997887 0.144956 -0.301902 -0.618326 2.96982 10.0615 -0.61073
4054.270749807 0.148553 -0.298571 -0.623256 3.01054 9.96328 -0.661025
4054.275501490 0.154815 -0.296306 -0.623256 3.05125 9.79563 -0.740061
4054.280217648 0.16081 -0.295374 -0.619126 3.10874 9.74054 -0.790356
4054.285005331 0.154149 -0.296972 -0.610066 3.03928 9.67827 -0.780776
4054.290117502 0.144289 -0.29524 -0.599407 2.99617 9.65193 -0.752036
4054.294509411 0.133231 -0.293908 -0.593678 2.85486 9.8124 -0.58678
4054.299222231 0.110315 -0.290577 -0.589415 2.71356 10.0447 -0.56762
4054.304013014 0.0901975 -0.284582 -0.587949 2.62734 10.0639 -0.510139
4054.308765173 0.0695467 -0.278187 -0.586217 2.62734 10.1645 -0.541274
4054.313516855 0.0500949 -0.268061 -0.581421 2.60578 10.107 -0.61073
4054.318230391 0.0389035 -0.258735 -0.580355 2.60099 10.0447 -0.754431
4054.323020935 0.037438 -0.24328 -0.575959 2.50759 10.1261 -0.826282
4054.327772856 0.0366386 -0.234887 -0.569963 2.48603 10.2531 -0.874182
4054.332524538 0.0444992 -0.220631 -0.566766 2.44531 10.2387 -0.969983
4054.337276697 0.0520934 -0.209306 -0.560504 2.41897 10.2004 -1.03944
4054.342028379 0.0615528 -0.200646 -0.554908 2.43813 10.1956 -1.14721
4054.346888542 0.0771409 -0.189455 -0.546914 2.42855 10.2866 -1.20469
4054.351532221 0.0907305 -0.179995 -0.533325 2.39741 10.3393 -1.19751
4054.356284380 0.0989908 -0.174266 -0.524531 2.36867 10.2914 -1.23104
4054.361396313 0.102322 -0.164008 -0.510542 2.3567 10.3106 -1.16877
4054.365787983 0.100856 -0.154815 -0.500816 2.37107 10.2363 -1.06818
4054.370539904 0.0931286 -0.14762 -0.491757 2.26569 10.2219 -1.0586
4054.375292063 0.0786064 -0.13896 -0.483763 2.19623 10.1716 -1.02986
4054.380043745 0.0662159 -0.127369 -0.477501 2.10522 10.1261 -1.13045
4054.384795904 0.0508943 -0.119642 -0.476435 2.0214 10.0926 -1.10171
4054.389547586 0.0361057 -0.10845 -0.475902 1.96631 10.0711 -1.18074
4054.394299507 0.0251807 -0.0953936 -0.468574 1.93039 10.0399 -1.19751
4054.399051428 0.0189188 -0.0917963 -0.467775 1.85135 10.0519 -1.31966
4054.403803587 0.0153216 -0.0802052 -0.464044 1.88009 10.1142 -1.27894
4054.408555269 0.0158545 -0.0694135 -0.462046 1.86572 10.1118 -1.33403
4054.413307428 0.0173201 -0.0627519 -0.457649 1.89446 10.095 -1.36756
4054.418059111 0.0270459 -0.0540919 -0.452587 1.86812 10.0327 -1.41785
4054.422811031 0.0307764 -0.0468974 -0.447923 1.78429 10.0806 -1.38911
4054.427527189 0.040902 -0.0386371 -0.451254 1.76273 9.95849 -1.35558
4054.432314873 0.0444992 -0.0279786 -0.451521 1.78189 9.86988 -1.35079
4054.437066793 0.0482297 -0.0171868 -0.446991 1.78668 9.83156 -1.25978
4054.441818953 0.0475636 -0.00572894 -0.446858 1.74597 9.82437 -1.27894
4054.446570396 0.0488959 0.00746095 -0.452187 1.71004 9.79802 -1.23344
4054.451682568 0.0435666 0.0203844 -0.453786 1.57353 9.84832 -1.22146
4054.456074476 0.0327749 0.0338407 -0.460447 1.54479 9.97286 -1.19032
4054.460826397 0.0237152 0.0515605 -0.468175 1.50407 10.0423 -1.17595
4054.465539932 0.0111914 0.0642175 -0.476302 1.47773 10.0495 -1.2023
4054.470330477 -0.00199847 0.0750092 -0.479233 1.51605 10.0663 -1.22146
4054.475081921 -0.00866003 0.0863338 -0.484162 1.4418 10.0208 -1.26697
4054.479834080 -0.0185191 0.0944609 -0.489625 1.38193 10.1405 -1.30289
4054.484586000 -0.0267795 0.107384 -0.496153 1.27655 10.2938 -1.26457
4054.489337921 -0.033974 0.117377 -0.499884 1.152 10.4375 -1.21427
4054.494089842 -0.0346401 0.12577 -0.509476 1.12566 10.4183 -1.21427
4054.498842001 -0.035706 0.135496 -0.517737 1.13524 10.3417 -1.17835
4054.503593445 -0.0381041 0.139227 -0.523466 1.09692 10.277 -1.24781
4054.508345604 -0.0381041 0.150685 -0.529994 1.07776 10.2124 -1.26218
4054.513097286 -0.0319755 0.151884 -0.529061 1.12566 10.1669 -1.346
4054.517849445 -0.0222496 0.157746 -0.534257 1.07536 10.1309 -1.32924
4054.522961378 -0.0166539 0.157746 -0.533724 1.0586 10.21 -1.42743
4054.527353287 -0.00746095 0.154548 -0.531859 1.03225 10.1621 -1.52084
4054.532104969 -0.000532925 0.153749 -0.530926 1.08015 10.1501 -1.54479
4054.536857128 0.00626187 0.149752 -0.523466 1.08015 10.1261 -1.3963
4054.541608810 0.00732772 0.146821 -0.515338 1.1065 10.1621 -1.3939
4054.546360970 0.00692802 0.145755 -0.50841 1.11368 10.2579 -1.35079
4054.551112890 0.00386371 0.142557 -0.50428 1.06578 10.2603 -1.2502
4054.555864811 -0.00226493 0.141225 -0.497086 1.03704 10.3106 -1.26457
4054.560616493 -0.00386371 0.138161 -0.490158 0.972378 10.2986 -1.2502
4054.565368652 -0.00679479 0.134963 -0.484162 0.881367 10.3369 -1.19272
4054.570120335 -0.00892649 0.139493 -0.479499 0.802332 10.3704 -1.23344
4054.574836254 -0.00439663 0.137894 -0.480032 0.778381 10.3201 -1.22865
4054.579624176 -0.00826034 0.138694 -0.475103 0.764011 10.2651 -1.11608
4054.584376335 -0.00772741 0.137495 -0.468441 0.732876 10.1381 -1.2526
4054.589128017 -0.0122573 0.138827 -0.464044 0.701741 10.2004 -1.21906
4054.598631859 -0.0281118 0.129101 -0.451787 0.627495 10.2531 -1.16398
4054.603384018 -0.0401026 0.119908 -0.440196 0.58199 10.1836 -1.21188
4054.608135700 -0.0546248 0.110982 -0.422077 0.627495 10.186 -1.16877
4054.613197803 -0.0615528 0.100856 -0.411951 0.603545 10.1645 -1.23104
4054.617639542 -0.0755421 0.0873997 -0.390634 0.689766 10.0447 -1.31726
4054.622391462 -0.07834 0.0714119 -0.365453 0.694556 10.0591 -1.35079
4054.627143383 -0.0846018 0.0571562 -0.337874 0.670605 9.98963 -1.30529
4054.631856918 -0.0889985 0.0414349 -0.31296 0.637075 9.93694 -1.33403
4054.636647224 -0.0936616 0.0245145 -0.284982 0.65384 9.89622 -1.37235
4054.641399384 -0.100723 0.00586217 -0.252873 0.673 9.78844 -1.34361
4054.646151066 -0.108184 -0.00626187 -0.224761 0.536484 9.85072 -1.24541
4054.650902987 -0.109649 -0.0191853 -0.201046 0.493374 9.94652 -1.26457
4054.655654907 -0.11751 -0.028245 -0.185058 0.335303 10.1166 -1.22146
4054.660406828 -0.128568 -0.0413017 -0.168804 0.232317 10.21 -1.12326
4054.665518761 -0.139093 -0.0452986 -0.163075 0.126936 10.301 -1.13763
4054.669910908 -0.154548 -0.0523599 -0.152017 0.100591 10.2387 -1.0586
4054.674662352 -0.16574 -0.0576891 -0.147887 0.0407153 10.3058 -1.00591
4054.679414511 -0.18306 -0.0628851 -0.141758 0.0383203 10.3369 -1.0083
4054.684166431 -0.200513 -0.0668821 -0.134564 0.0526904 10.3249 -1.03704
4054.688882113 -0.21317 -0.0732772 -0.124172 0.0670605 10.3249 -0.989143
4054.693634272 -0.22556 -0.085268 -0.11711 0.0958008 10.2794 -0.943638
4054.698386192 -0.233554 -0.092196 -0.106052 0.114961 10.2004 -0.984353
4054.703138113 -0.239816 -0.099124 -0.096193 0.0670605 10.1764 -0.929268
4054.707890034 -0.240482 -0.11258 -0.0787397 0.0958008 10.1429 -0.986748
4054.712642193 -0.243014 -0.122173 -0.0626187 0.117356 10.0447 -1.02267
4054.717393637 -0.244213 -0.134297 -0.0480965 0.0910107 9.98723 -0.950823
4054.722109795 -0.244213 -0.14762 -0.0345069 0.0359253 9.91538 -0.934058
4054.726897717 -0.238617 -0.156147 -0.0170536 0.0646655 9.87227 -1.01549
4054.731649637 -0.236086 -0.165606 -0.00519602 0.0958008 9.81479 -1.03944
4054.736401558 -0.237951 -0.175599 0.0122573 0.143701 9.76928 -0.948428
4054.741117239 -0.237285 -0.181861 0.0203844 0.0862207 9.87946 -0.866997
4054.745905161 -0.241948 -0.185724 0.0269127 0.0143701 10.095 -0.694556
4054.750657320 -0.24368 -0.183326 0.028245 -0.0981958 10.3273 -0.66821
4054.755769253 -0.249942 -0.183593 0.0261133 -0.0886157 10.5117 -0.574805
4054.760122299 -0.24741 -0.178796 0.0154548 -0.0766406 10.4662 -0.519719
4054.764913082 -0.241149 -0.169337 0.00799387 -0.100591 10.3632 -0.536484
4054.769665003 -0.231289 -0.164674 0.00266462 -0 10.2818 -0.538879
4054.774416685 -0.214769 -0.157746 -0.00306432 0.0287402 10.2579 -0.646655
4054.779130220 -0.195184 -0.150818 -0.00905972 0.0862207 10.174 -0.56762
4054.783920527 -0.1736 -0.148686 -0.013856 0.143701 10.1285 -0.543669
4054.788672686 -0.160544 -0.138427 -0.0146554 0.117356 10.0543 -0.505349
4054.793424606 -0.149885 -0.135363 -0.0129234 0.107776 10.0351 -0.435894
4054.798176527 -0.144423 -0.128701 -0.0162542 0.114961 10.0519 -0.376018
4054.802928209 -0.13443 -0.122573 -0.012657 0.155676 10.0112 -0.368833
4054.807680368 -0.128168 -0.118975 -0.00905972 0.256267 9.98484 -0.308958
4054.812432051 -0.114446 -0.111648 0.00173201 0.253872 10.0232 -0.344883
4054.817184210 -0.10472 -0.114579 0.00945942 0.368833 9.89143 -0.392783
4054.821935892 -0.0880659 -0.107518 0.021317 0.445474 9.7597 -0.435894
4054.827047825 -0.070879 -0.102721 0.0311761 0.402363 9.63277 -0.455054
4054.831439734 -0.0486294 -0.100323 0.0350398 0.419128 9.62558 -0.467029
4054.836191654 -0.0270459 -0.0941945 0.0387703 0.289797 9.87946 -0.390388
4054.840943575 -0.0153216 -0.0875329 0.0330413 0.177231 10.0926 -0.270637
4054.845695734 -0.00226493 -0.0779403 0.0221164 0.0479004 10.2555 -0.122146
4054.850447416 0.000133231 -0.0684809 0.00892649 0.0742456 10.289 -0.119751
4054.855199575 0.00452986 -0.0571562 -0.0042634 0.0862207 10.2579 -0.0981958
4054.859951258 0.00879326 -0.0526263 -0.0159877 0.201182 10.1309 -0.170046
4054.864703178 0.00319755 -0.0458315 -0.0258469 0.316143 9.97047 -0.258662
4054.869419336 0.00519602 -0.0448989 -0.032242 0.330513 9.7597 -0.241897
4054.874207258 0.00119908 -0.0450322 -0.032242 0.428708 9.70701 -0.275427
4054.878958941 -0.0042634 -0.0470306 -0.032242 0.428708 9.72378 -0.270637
4054.883711100 -0.00692802 -0.0502282 -0.0250475 0.481399 9.64714 -0.356858
4054.888427019 -0.00532925 -0.0580888 -0.0186524 0.543669 9.57289 -0.328118
4054.893214703 -0.00826034 -0.069147 -0.00413017 0.589175 9.53697 -0.364043
4054.898326874 -0.00159877 -0.0747427 0.0102588 0.622705 9.51062 -0.395178
4054.902718544 0.00359724 -0.0867335 0.0263798 0.62989 9.41722 -0.332908
4054.907431841 0.00732772 -0.0984579 0.0402358 0.584385 9.4723 -0.301772
4054.912222624 0.0174533 -0.107518 0.0582221 0.55325 9.45793 -0.246687
4054.916974068 0.0163874 -0.115645 0.0663492 0.534089 9.5202 -0.196392
4054.921726227 0.0242481 -0.124038 0.0746095 0.450264 9.53697 -0.232317
4054.926439762 0.0262466 -0.133631 0.0751424 0.433499 9.54415 -0.203577
4054.931230068 0.0306432 -0.141492 0.0759418 0.423918 9.51781 -0.186812
4054.935981989 0.032242 -0.147221 0.0799387 0.495769 9.39327 -0.174836
4054.940734148 0.0325084 -0.15668 0.0846018 0.65384 9.24957 -0.232317
4054.945485592 0.0318423 -0.166006 0.0940613 0.728086 9.17292 -0.261057
4054.950237751 0.0311761 -0.176531 0.104587 0.821492 9.00527 -0.244292
4054.954989672 0.0346401 -0.193185 0.11711 0.864602 9.00048 -0.356858
4054.959741592 0.0353063 -0.20451 0.133364 0.886157 8.96695 -0.323328
4054.964493513 0.0338407 -0.217167 0.14762 0.843047 8.98611 -0.332908
4054.969605207 0.0386371 -0.228891 0.160011 0.833467 9.01485 -0.332908
4054.973997116 0.0397029 -0.240882 0.174133 0.821492 9.08431 -0.292192
4054.978749275 0.0401026 -0.252473 0.184658 0.821492 9.137 -0.201182
4054.983500957 0.0382374 -0.263531 0.19585 0.809517 9.06994 -0.193997
4054.988253117 0.0399694 -0.275389 0.204776 0.756826 9.21125 -0.213157
4054.993005037 0.0444992 -0.28245 0.214369 0.744851 9.36932 -0.0694556
4054.997756958 0.0464977 -0.293242 0.219032 0.732876 9.54894 -0.0886157
4055.002508640 0.0514273 -0.30017 0.224894 0.699346 9.60163 -0.112566
4055.007260799 0.0522266 -0.305899 0.225694 0.665815 9.61121 -0.0670605
4055.012012482 0.0606202 -0.318289 0.222496 0.62031 9.71899 -0.102986
4055.016764641 0.0682144 -0.323086 0.223429 0.60115 9.73815 -0.148491
4055.021516562 0.0788729 -0.332012 0.221697 0.684976 9.65911 -0.232317
4055.026268482 0.0881991 -0.342804 0.219299 0.811912 9.63516 -0.265847
4055.031020164 0.097925 -0.350931 0.219165 0.859812 9.60163 -0.251477
4055.035736322 0.102055 -0.36079 0.218766 0.821492 9.64474 -0.205972
4055.040524006 0.101389 -0.363322 0.216501 0.768801 9.75491 -0.143701
4055.045276165 0.0975253 -0.367585 0.206775 0.64426 9.96328 -0.124541
4055.050028086 0.0912634 -0.373447 0.195051 0.555645 10.1381 -0.00479004
4055.054780006 0.0897979 -0.368784 0.180395 0.56762 10.2794 -0.0143701
4055.059891939 0.0842021 -0.367585 0.165473 0.62031 10.1621 -0.0622705
4055.064283609 0.0828698 -0.371982 0.158012 0.797542 10.0998 -0.148491
4055.069035530 0.0862006 -0.371449 0.150285 0.886157 9.99442 -0.227527
4055.073749065 0.100057 -0.375312 0.149086 0.929268 9.89862 -0.320933
4055.078539371 0.11791 -0.380908 0.149485 0.998723 9.84593 -0.455054
4055.083291531 0.139626 -0.386237 0.150818 1.01549 9.92975 -0.483794
4055.088043213 0.161743 -0.393299 0.152417 1.09931 9.88664 -0.598755
4055.092795134 0.18226 -0.398761 0.156014 1.1544 9.80042 -0.752036
4055.097547054 0.201446 -0.407954 0.155747 1.15679 9.74054 -0.706531
4055.102299213 0.217433 -0.414882 0.158012 1.17595 9.66869 -0.766406
4055.107050896 0.229557 -0.426473 0.156413 1.14721 9.73096 -0.725691
4055.111803055 0.23915 -0.433268 0.151351 1.13524 9.82198 -0.764011
4055.116554737 0.24741 -0.443127 0.144956 1.14961 9.85311 -0.831072
4055.121306658 0.251674 -0.454185 0.139893 1.2023 9.82198 -0.874182
4055.126058578 0.255005 -0.463378 0.137095 1.23104 9.82916 -0.857417
4055.131170511 0.261 -0.473371 0.134963 1.24062 9.81 -0.958008
4055.135562420 0.26966 -0.484562 0.127369 1.34361 9.75252 -1.02746
4055.140314579 0.278187 -0.495487 0.126037 1.45138 9.67109 -1.0083
4055.145066023 0.293375 -0.512407 0.126703 1.33642 9.56092 -1.12326
4055.149818182 0.302968 -0.5224 0.126969 1.41546 9.63756 -1.11129
4055.154570103 0.316291 -0.538654 0.130567 1.47533 9.60642 -1.08494
4055.159322023 0.323352 -0.544649 0.132432 1.39869 9.51781 -1.12087
4055.164073944 0.329614 -0.559838 0.131766 1.36277 9.42919 -1.16877
4055.168826103 0.335876 -0.566766 0.132965 1.36516 9.43159 -1.14482
4055.173577547 0.340139 -0.577557 0.13483 1.37235 9.48667 -1.08973
4055.178329706 0.337075 -0.585018 0.125504 1.35558 9.48667 -1.17116
4055.183045864 0.338141 -0.591413 0.120708 1.32445 9.49386 -1.1999
4055.187833548 0.337874 -0.599141 0.112847 1.27415 9.59924 -1.24781
4055.192585468 0.339074 -0.60447 0.104453 1.25978 9.67348 -1.25499
4055.197337627 0.33894 -0.609933 0.0896646 1.28852 9.64714 -1.40348
4055.206841230 0.341338 -0.622989 0.0712787 1.30768 9.51541 -1.48252
4055.211592913 0.341205 -0.628052 0.0619525 1.30289 9.45554 -1.59269
4055.216345072 0.340539 -0.639243 0.0583553 1.28852 9.41722 -1.59987
4055.221407175 0.336142 -0.64777 0.0522266 1.26936 9.38608 -1.54718
4055.225848913 0.325351 -0.652966 0.051294 1.2502 9.39566 -1.60945
4055.230600595 0.316025 -0.663092 0.046098 1.25739 9.43877 -1.53042
4055.235352755 0.300969 -0.672551 0.0454319 1.20709 9.41243 -1.57832
4055.240066051 0.283516 -0.683077 0.0479632 1.23823 9.3286 -1.66214
4055.244856596 0.272191 -0.692802 0.0527596 1.25739 9.19208 -1.64777
4055.249608517 0.255538 -0.705459 0.0554242 1.26218 9.05317 -1.71723
4055.254360437 0.240482 -0.712121 0.0612864 1.23104 9.01006 -1.74357
4055.259112120 0.225028 -0.72238 0.0644839 1.14242 9.07473 -1.85375
4055.263864279 0.214636 -0.728908 0.0646172 1.10889 9.09868 -1.83938
4055.268615961 0.193052 -0.73517 0.0650168 1.0562 9.14897 -1.69088
4055.273728132 0.16947 -0.740766 0.0654165 1.09452 9.21364 -1.74836
4055.278084040 0.138827 -0.741299 0.0680812 1.02267 9.24717 -1.71483
4055.282835722 0.105652 -0.743564 0.065683 1.04183 9.22083 -1.68609
4055.287587881 0.074343 -0.748493 0.0647504 1.07057 9.19688 -1.7292
4055.292339563 0.0439663 -0.743031 0.0594211 1.00112 9.19688 -1.78189
4055.297091722 0.0131899 -0.749559 0.0527596 0.977168 9.27112 -1.7316
4055.301843643 -0.0122573 -0.74796 0.0471639 0.989143 9.38848 -1.83219
4055.306595325 -0.0297106 -0.745296 0.0448989 0.967588 9.48188 -1.86093
4055.311347246 -0.0474303 -0.741965 0.0369051 0.898132 9.616 -1.83219
4055.316099405 -0.0578224 -0.739966 0.033974 0.883762 9.71899 -1.80105
4055.320851088 -0.0699464 -0.735436 0.0313093 0.864602 9.80281 -1.81542
4055.325603247 -0.072611 -0.733438 0.0239816 0.802332 9.83635 -1.7771
4055.330319166 -0.0752757 -0.727842 0.0206508 0.778381 9.83156 -1.72202
4055.335106850 -0.0850015 -0.724911 0.0137228 0.708926 9.87227 -1.6813
4055.339858770 -0.0877994 -0.719582 0.0107917 0.699346 9.87227 -1.56634
4055.344610929 -0.0941945 -0.711988 0.0063951 0.673 9.87706 -1.56874
4055.349326849 -0.101389 -0.711055 0.0122573 0.656235 9.81 -1.53281
4055.354114771 -0.100856 -0.707458 0.0137228 0.704136 9.68546 -1.58311
4055.358866692 -0.0955268 -0.705193 0.0182527 0.725691 9.57768 -1.61424
4055.363978386 -0.0877994 -0.706925 0.029977 0.735271 9.5202 -1.65017
4055.368331671 -0.0782067 -0.709723 0.0413017 0.694556 9.47949 -1.75555
4055.373157978 -0.0684809 -0.712387 0.0496953 0.735271 9.45314 -1.64538
4055.377874136 -0.0591547 -0.718916 0.065683 0.684976 9.48428 -1.68609
4055.382626295 -0.0508943 -0.722513 0.0787397 0.62031 9.54176 -1.67172
4055.387336731 -0.0383706 -0.729308 0.0923292 0.646655 9.52978 -1.68849
4055.392129898 -0.0238484 -0.732505 0.107118 0.696951 9.60642 -1.6837
4055.396881819 -0.019585 -0.737835 0.124971 0.704136 9.56092 -1.66214
4055.401633739 -0.0191853 -0.737435 0.13896 0.684976 9.46272 -1.64538
4055.406385660 -0.0209173 -0.7397 0.153083 0.65863 9.36213 -1.56395
4055.411137819 -0.0257136 -0.7397 0.162142 0.62989 9.39087 -1.59269
4055.415889502 -0.0269127 -0.735037 0.176132 0.682581 9.31902 -1.66214
4055.420641422 -0.0319755 -0.732905 0.183726 0.694556 9.2807 -1.64777
4055.425393343 -0.0302435 -0.726243 0.190121 0.61073 9.30226 -1.54718
4055.430145264 -0.0313093 -0.718649 0.191453 0.62989 9.45554 -1.53042
4055.435257196 -0.0238484 -0.715851 0.190521 0.60594 9.56092 -1.57113
4055.439649343 -0.0179862 -0.703194 0.19132 0.608335 9.68546 -1.48731
4055.444401026 -0.0135896 -0.694534 0.19092 0.65384 9.79323 -1.46096
4055.449152946 -0.00506279 -0.681478 0.195583 0.665815 9.83395 -1.51365
4055.453904629 0.00479632 -0.67375 0.194651 0.58678 9.87227 -1.46815
4055.458656788 0.00985911 -0.665623 0.193319 0.589175 9.84832 -1.4897
4055.463408709 0.016121 -0.652966 0.192652 0.546064 9.74533 -1.47294
4055.468160629 0.0194518 -0.640043 0.195051 0.541274 9.64953 -1.51844
4055.472912312 0.024781 -0.627386 0.198515 0.514929 9.55613 -1.47054
4055.477628469 0.0258469 -0.61766 0.202112 0.570015 9.47949 -1.54958
4055.482416153 0.0346401 -0.610332 0.207708 0.505349 9.38848 -1.66214
4055.487168312 0.0362389 -0.597009 0.2169 0.526904 9.32381 -1.65496
4055.491920233 0.0492956 -0.591014 0.229957 0.56762 9.331 -1.74118
4055.496635914 0.0528928 -0.581821 0.244613 0.651445 9.35734 -1.75555
4055.501423836 0.0578224 -0.567565 0.258202 0.716111 9.32381 -1.76752
4055.506536007 0.0550245 -0.55624 0.275655 0.613125 9.32381 -1.80824
4055.510927677 0.0574227 -0.544516 0.280585 0.531694 9.29747 -1.79866
4055.515640974 0.0500949 -0.527995 0.28285 0.514929 9.36453 -1.76034
4055.520431757 0.0415681 -0.514806 0.286047 0.455054 9.43159 -1.84417
4055.525183678 0.0270459 -0.497219 0.283516 0.481399 9.49146 -1.75555
4055.529935360 0.00719449 -0.475902 0.28285 0.476609 9.59445 -1.64059
4055.534648657 -0.013856 -0.454985 0.275522 0.409548 9.62079 -1.55916
4055.539439201 -0.031709 -0.441262 0.273257 0.378413 9.65672 -1.57832
4055.544191360 -0.058755 -0.420345 0.27006 0.359253 9.67827 -1.62382
4055.548943043 -0.0843354 -0.401825 0.267528 0.349673 9.54894 -1.55916
4055.553695202 -0.109116 -0.388103 0.271525 0.409548 9.4723 -1.59748
4055.558446884 -0.134963 -0.372115 0.273524 0.486189 9.49865 -1.67651
4055.563198805 -0.158678 -0.359591 0.284449 0.524509 9.4268 -1.75555
4055.567950726 -0.178397 -0.351464 0.293242 0.56283 9.39087 -1.80584
4055.572702885 -0.198648 -0.346002 0.304433 0.570015 9.24238 -1.91362
4055.577814341 -0.2173 -0.337874 0.313626 0.469424 9.26154 -1.92081
4055.582206726 -0.240083 -0.332279 0.320821 0.330513 9.33818 -1.90883
4055.586958408 -0.253406 -0.323885 0.321221 0.229922 9.34297 -1.94955
4055.591710329 -0.267928 -0.32162 0.320954 0.112566 9.36932 -2.03337
4055.596462250 -0.275256 -0.314692 0.320421 0.0814307 9.45793 -2.04295
4055.601214170 -0.283383 -0.310296 0.314026 0.141306 9.54894 -1.94236
4055.605966091 -0.295507 -0.308164 0.313093 0.124541 9.66151 -1.98068
4055.610718250 -0.306698 -0.305366 0.311628 0.138911 9.69504 -1.87291
4055.615469694 -0.313626 -0.304567 0.308963 0.107776 9.64953 -1.89686
4055.620221853 -0.323352 -0.305899 0.303368 0.174836 9.58726 -1.78429
4055.624973774 -0.332945 -0.308564 0.302035 0.179626 9.44117 -1.80105
4055.629725695 -0.339873 -0.315625 0.310162 0.263452 9.28789 -1.75076
4055.634477615 -0.347334 -0.319888 0.316957 0.330513 9.14897 -1.75315
4055.639229774 -0.350665 -0.330413 0.319489 0.311353 9.09628 -1.8274
4055.643945456 -0.352397 -0.34347 0.325351 0.328118 9.10347 -1.80584
4055.648733377 -0.359858 -0.350798 0.332012 0.304167 9.1849 -1.70765
4055.653485298 -0.365853 -0.366386 0.341738 0.323328 9.26394 -1.60227
4055.658237219 -0.380375 -0.375179 0.350265 0.301772 9.40285 -1.55437
4055.662989140 -0.384106 -0.388502 0.354662 0.347278 9.48907 -1.49449
4055.668101072 -0.39583 -0.398095 0.364254 0.364043 9.5681 -1.51605
4055.672492743 -0.401426 -0.406755 0.367985 0.330513 9.64474 -1.38193
4055.677244902 -0.407821 -0.414749 0.370516 0.227527 9.72138 -1.34361
4055.681957960 -0.411685 -0.420345 0.362522 0.229922 9.84593 -1.20469
4055.686748743 -0.410485 -0.423009 0.361723 0.246687 9.92736 -1.19751
4055.691500664 -0.405822 -0.429671 0.353862 0.198787 10.0256 -1.21667
4055.696252584 -0.39956 -0.434067 0.3476 0.251477 10.0327 -1.13763
4055.700965643 -0.388103 -0.436732 0.336809 0.229922 10.0854 -1.09213
4055.705756426 -0.375179 -0.440995 0.327349 0.301772 10.2219 -1.05381
4055.710508108 -0.362655 -0.442194 0.317623 0.320933 10.2722 -0.936453
4055.715260267 -0.351597 -0.442994 0.306032 0.402363 10.3369 -0.907712
4055.720012188 -0.342804 -0.442994 0.298305 0.359253 10.4423 -0.807122
4055.724764109 -0.329747 -0.446058 0.287779 0.280217 10.4016 -0.843047
4055.729515791 -0.320954 -0.442461 0.271925 0.232317 10.301 -0.778381
4055.734267950 -0.302035 -0.437132 0.260201 0.196392 10.2555 -0.720901
4055.739379644 -0.286047 -0.433534 0.247011 0.244292 10.1477 -0.716111
4055.743771791 -0.264997 -0.43047 0.237152 0.270637 10.0567 -0.799937
4055.748523712 -0.248343 -0.428072 0.228225 0.395178 9.97765 -0.692161
4055.753275633 -0.23462 -0.423009 0.222629 0.457449 9.93933 -0.565225
4055.758027315 -0.214236 -0.418213 0.216501 0.383203 10.0351 -0.56283
4055.762779236 -0.190787 -0.411951 0.205709 0.399968 10.1573 -0.522114
4055.767531157 -0.176132 -0.410752 0.196516 0.407153 10.1693 -0.426313
4055.772283316 -0.164141 -0.402358 0.190521 0.428708 10.1381 -0.354463
4055.777034998 -0.151617 -0.397562 0.179462 0.438289 10.1429 -0.289797
4055.781787157 -0.138294 -0.389435 0.166539 0.361648 10.2651 -0.246687
4055.786538839 -0.122972 -0.384106 0.149086 0.371228 10.2914 -0.280217
4055.791254759 -0.106185 -0.375712 0.134963 0.251477 10.3153 -0.172441
4055.796042681 -0.0885988 -0.369184 0.123505 0.263452 10.2243 -0.186812
4055.800794840 -0.0720781 -0.36159 0.112447 0.313748 10.1693 -0.158071
4055.805546522 -0.0566233 -0.35666 0.101789 0.349673 10.0519 -0.256267
4055.815050364 -0.0145222 -0.3484 0.0888652 0.383203 9.79563 -0.328118
4055.819802284 0.00879326 -0.345602 0.0855345 0.385598 9.73096 -0.361648
4055.824554205 0.0275789 -0.344003 0.0815375 0.390388 9.6639 -0.378413
4055.829616308 0.0425008 -0.341072 0.072611 0.387993 9.58487 -0.411943
4055.834058046 0.0567565 -0.337075 0.0735436 0.486189 9.59924 -0.443079
4055.838810205 0.0671485 -0.338141 0.0707458 0.512534 9.52978 -0.459844
4055.843561649 0.077807 -0.333478 0.0619525 0.505349 9.52978 -0.522114
4055.848275185 0.0826034 -0.333877 0.0582221 0.498164 9.51062 -0.498164
4055.853065729 0.0901975 -0.328282 0.0499617 0.457449 9.5226 -0.428708
4055.857817650 0.0931286 -0.326949 0.0379709 0.402363 9.62798 -0.311353
4055.862569571 0.0940613 -0.32162 0.0278453 0.440684 9.73815 -0.311353
4055.867321730 0.0893982 -0.320554 0.0205176 0.505349 9.83874 -0.186812
4055.872073174 0.0826034 -0.316557 0.0085268 0.534089 9.98484 -0.146096
4055.876825333 0.0770077 -0.31789 0.00119908 0.529299 10.0136 -0.150886
4055.881973267 0.0676815 -0.316291 -0.00492956 0.498164 9.98963 -0.107776
4055.886329174 0.0523599 -0.315225 -0.0101256 0.495769 9.91299 -0.251477
4055.891081095 0.0397029 -0.31749 -0.0174533 0.419128 9.8603 -0.277822
4055.895833254 0.0219832 -0.319489 -0.0154548 0.455054 9.74054 -0.373623
4055.900584698 0.00119908 -0.320821 -0.0202511 0.354463 9.70462 -0.383203
4055.905336857 -0.0170536 -0.322819 -0.023049 0.311353 9.6663 -0.462239
4055.910088778 -0.0277121 -0.333877 -0.0202511 0.361648 9.63516 -0.65863
4055.914840698 -0.0371715 -0.338541 -0.0266462 0.356858 9.59205 -0.65384
4055.919592619 -0.0515605 -0.346401 -0.024781 0.335303 9.59684 -0.60594
4055.924344540 -0.0640842 -0.356793 -0.0226493 0.380808 9.51541 -0.771196
4055.929096222 -0.0650168 -0.368118 -0.0306432 0.387993 9.49865 -0.826282
4055.933848381 -0.0699464 -0.377711 -0.0254472 0.416733 9.57768 -0.797542
4055.938564301 -0.0668821 -0.3909 -0.0199847 0.502954 9.72138 -0.761616
4055.943352222 -0.0654165 -0.402758 -0.013856 0.60594 9.78605 -0.689766
4055.948104143 -0.0588882 -0.416081 -0.00253139 0.687371 9.82677 -0.706531
4055.952856064 -0.0536922 -0.43087 0.00306432 0.728086 9.9561 -0.661025
4055.957571983 -0.0571562 -0.446058 0.0142557 0.62989 10.0806 -0.524509
4055.962359905 -0.0611531 -0.45685 0.0203844 0.543669 10.2962 -0.529299
4055.967111588 -0.067415 -0.467508 0.023049 0.500559 10.4423 -0.411943
4055.972223759 -0.0727443 -0.474836 0.0174533 0.361648 10.598 -0.368833
4055.976577044 -0.0750092 -0.48323 0.0137228 0.292192 10.7153 -0.330513
4055.981367588 -0.0754089 -0.491623 0.00572894 0.217947 10.7944 -0.311353
4055.986119270 -0.0755421 -0.495887 -0.000666156 0.203577 10.8782 -0.265847
4055.990871429 -0.0832695 -0.50428 -0.0085268 0.189207 10.9213 -0.220342
4055.995584488 -0.0832695 -0.512674 -0.0205176 0.182021 10.9452 -0.198787
4056.000375271 -0.0847351 -0.521467 -0.0233155 0.191602 11.0219 -0.186812
4056.005126953 -0.0804717 -0.529594 -0.0303767 0.210762 11.1608 -0.110171
4056.009879112 -0.0722113 -0.542651 -0.0331746 0.239502 11.1752 -0.153281
4056.014630795 -0.0566233 -0.550378 -0.0405023 0.220342 11.1895 -0.0814307
4056.019382715 -0.0399694 -0.560371 -0.0434334 0.287402 11.2398 -0.0934058
4056.024134636 -0.0194518 -0.575692 -0.0488959 0.275427 11.2255 -0.122146
4056.028886795 0.00679479 -0.586084 -0.0555574 0.289797 11.2255 -0.210762
4056.033638477 0.033441 -0.593145 -0.0670153 0.234712 11.1991 -0.148491
4056.038390636 0.0608867 -0.608867 -0.0763415 0.222737 11.2183 -0.105381
4056.043502331 0.0875329 -0.620724 -0.0911302 0.263452 11.3213 -0.146096
4056.047894239 0.109783 -0.631649 -0.0975253 0.296982 11.4195 -0.0766406
4056.052646160 0.118443 -0.640309 -0.102455 0.397573 11.3763 -0.0479004
4056.057398319 0.123905 -0.652433 -0.109916 0.447869 11.3452 0.0215552
4056.062150002 0.124838 -0.662959 -0.113113 0.493374 11.2805 0.0694556
4056.066902161 0.115378 -0.672285 -0.110582 0.608335 11.1823 0.0167651
4056.071653843 0.111914 -0.680545 -0.106985 0.687371 11.0818 -0.0119751
4056.076405764 0.109116 -0.693202 -0.101922 0.694556 10.962 0.00718506
4056.081157684 0.109783 -0.697865 -0.102188 0.64426 10.8878 0.0143701
4056.085873604 0.123505 -0.70093 -0.0949939 0.687371 10.8399 0.00239502
4056.090661526 0.134697 -0.708923 -0.0964594 0.718506 10.7728 0.00479004
4056.095413685 0.156147 -0.709323 -0.0900643 0.728086 10.5668 -0.191602
4056.100165129 0.183593 -0.715319 -0.0855345 0.754431 10.5309 -0.340093
4056.104881287 0.196783 -0.717717 -0.083536 0.823887 10.3034 -0.301772
4056.109669209 0.224228 -0.72198 -0.074343 0.910107 10.1022 -0.433499
4056.114781141 0.241815 -0.722247 -0.063951 0.902922 9.94173 -0.457449
4056.119173050 0.26593 -0.728908 -0.0550245 0.998723 9.88904 -0.64426
4056.123886108 0.287247 -0.72611 -0.051294 1.05141 9.75491 -0.718506
4056.128676653 0.304567 -0.728908 -0.0446325 1.02746 9.69264 -0.797542
4056.133428812 0.323086 -0.72611 -0.0363721 1.03225 9.69983 -0.859812
4056.138180733 0.341738 -0.722913 -0.0355727 1.0586 9.72378 -0.847837
4056.142894030 0.354928 -0.717317 -0.0307764 1.0586 9.67588 -0.821492
4056.147684574 0.371182 -0.713187 -0.0343737 1.09931 9.73336 -0.833467
4056.152436495 0.384239 -0.704793 -0.0347734 1.05381 9.71659 -0.833467
4056.157188177 0.393032 -0.698398 -0.0371715 1.05381 9.77647 -0.814307
4056.161940336 0.405689 -0.69107 -0.0423675 1.08015 9.69025 -0.874182
4056.166692019 0.419545 -0.684942 -0.0430337 1.07297 9.54894 -0.919688
4056.171444178 0.432069 -0.66962 -0.0401026 1.1041 9.50823 -0.917292
4056.176196098 0.442194 -0.663625 -0.0435666 1.11608 9.39806 -1.07057
4056.180948019 0.447657 -0.653899 -0.0468974 1.09692 9.34537 -1.02507
4056.186059713 0.451654 -0.644573 -0.0455651 1.12326 9.23041 -1.01788
4056.190451860 0.440995 -0.632315 -0.0447657 1.11608 9.31423 -1.01549
4056.195203543 0.430603 -0.619659 -0.0395697 1.11368 9.31423 -1.04423
4056.199955702 0.405689 -0.609 -0.0367718 1.03944 9.36932 -0.986748
4056.204707623 0.378243 -0.594877 -0.032242 1.07776 9.43159 -0.955613
4056.209459543 0.340672 -0.580222 -0.0275789 1.09931 9.44835 -0.960403
4056.214211226 0.298305 -0.560637 -0.0267795 1.07057 9.44356 -0.845442
4056.218963385 0.257669 -0.549046 -0.0281118 1.04902 9.48667 -0.878972
4056.223715067 0.217433 -0.534391 -0.0261133 1.06578 9.55373 -0.910107
4056.228467226 0.173467 -0.516671 -0.0257136 1.11847 9.46991 -0.902922
4056.233218908 0.134564 -0.506012 -0.0249142 1.20469 9.41722 -0.857417
4056.237971067 0.0916631 -0.491757 -0.0249142 1.31008 9.46512 -0.771196
4056.242722750 0.0574227 -0.482297 -0.0234487 1.40588 9.52978 -0.840652
4056.247474670 0.0319755 -0.472704 -0.0199847 1.49449 9.71659 -0.840652
4056.252190828 0.00266462 -0.463911 -0.0149219 1.49689 9.82437 -0.752036
4056.256978750 -0.0214502 -0.45645 -0.00826034 1.54718 9.87467 -0.826282
4056.261730433 -0.0407688 -0.448057 -0.00626187 1.52802 9.84832 -0.871787
4056.266482592 -0.0524931 -0.446858 -0.000666156 1.4897 9.84353 -0.881367
4056.271234274 -0.0652833 -0.440329 0.00826034 1.46815 9.83156 -0.962798
4056.276346207 -0.0763415 -0.43127 0.00879326 1.46575 9.68785 -1.07297
4056.280738115 -0.076075 -0.426873 0.0139893 1.37474 9.60642 -1.11368
4056.285490274 -0.0787397 -0.42141 0.012657 1.37714 9.48428 -1.17116
4056.290203333 -0.0819372 -0.413816 0.0105253 1.31726 9.44117 -1.23583
4056.294994116 -0.0799387 -0.406489 0.0114579 1.35798 9.34776 -1.26218
4056.299745798 -0.0775406 -0.401959 0.0133231 1.34361 9.2352 -1.35558
4056.304497719 -0.0740766 -0.394498 0.0125237 1.40827 9.21125 -1.32445
4056.309211016 -0.074876 -0.3921 0.0142557 1.45857 9.16334 -1.33163
4056.314001560 -0.0662159 -0.38717 0.0194518 1.48252 9.27352 -1.33403
4056.318753481 -0.0543583 -0.382107 0.0202511 1.48012 9.35016 -1.33882
4056.323505640 -0.0410352 -0.379043 0.0229158 1.52802 9.49146 -1.29092
4056.328257084 -0.0245145 -0.371848 0.024781 1.48252 9.58487 -1.27415
4056.333009243 -0.0113247 -0.373181 0.0259801 1.53521 9.63516 -1.18314
4056.337761164 0.00159877 -0.367319 0.0293109 1.5376 9.64714 -1.13045
4056.342513084 0.00706126 -0.36079 0.0350398 1.52323 9.59924 -1.11368
4056.347624779 0.00879326 -0.359058 0.0379709 1.50647 9.62558 -1.0562
4056.352017164 0.00839357 -0.357593 0.0417014 1.5879 9.616 -0.953218
4056.356768608 0.00679479 -0.348 0.044366 1.54479 9.64953 -0.926873
4056.361520767 0.000399694 -0.344403 0.0503614 1.54239 9.7118 -0.866997
4056.366272688 0.000799387 -0.336675 0.051827 1.59508 9.69743 -0.795146
4056.371024609 -0.0063951 -0.330547 0.0528928 1.6358 9.65432 -0.893342
4056.375776529 -0.00279786 -0.324418 0.0591547 1.70525 9.63037 -0.850232
4056.380528688 0.00133231 -0.319355 0.063951 1.68609 9.57768 -0.785566
4056.385280132 0.000932619 -0.31376 0.0680812 1.66693 9.50823 -0.811912
4056.390032291 0.00985911 -0.305632 0.0710123 1.64538 9.41003 -0.869392
4056.394855976 0.0211838 -0.294974 0.0722113 1.66214 9.40764 -0.821492
4056.399499893 0.0267795 -0.289245 0.0755421 1.68609 9.50104 -0.728086
4056.404288054 0.0345069 -0.282983 0.0754089 1.75794 9.61361 -0.673
4056.409039974 0.0471639 -0.276721 0.0788729 1.825 9.79563 -0.704136
4056.413791656 0.0544916 -0.27006 0.0863338 1.82261 10.0375 -0.692161
4056.423295498 0.067415 -0.251541 0.0943277 1.92081 10.1453 -0.548459
4056.428047657 0.0738101 -0.242614 0.0999234 1.87291 10.1285 -0.641865
4056.432799578 0.074876 -0.235286 0.106052 1.79387 10.1812 -0.60594
4056.437861443 0.072611 -0.220764 0.110715 1.70046 10.1788 -0.550854
4056.442303181 0.0702129 -0.208773 0.108983 1.57113 10.1908 -0.593965
4056.447055340 0.0715452 -0.19625 0.109916 1.57832 10.119 -0.589175
4056.451807022 0.0667489 -0.185858 0.103254 1.52084 10.1214 -0.65384
4056.456520557 0.0560904 -0.168804 0.102322 1.5855 10.1261 -0.514929
4056.461311102 0.0539587 -0.157613 0.0987243 1.76513 10.2124 -0.64426
4056.466063023 0.0506279 -0.141625 0.10019 1.74118 10.289 -0.471819
4056.470814705 0.0515605 -0.1307 0.10059 1.81782 10.3609 -0.55325
4056.475566626 0.057023 -0.115911 0.097925 1.84177 10.5046 -0.479004
4056.480318546 0.0671485 -0.107251 0.0972588 1.86812 10.6554 -0.55325
4056.485070705 0.0791394 -0.09566 0.0989908 1.93278 10.7824 -0.471819
4056.490182161 0.0947274 -0.0826034 0.0955268 1.96631 10.8638 -0.507744
4056.494574547 0.110848 -0.069147 0.0923292 1.90404 10.9189 -0.474214
4056.499326229 0.126703 -0.0588882 0.0888652 1.9711 10.9931 -0.495769
4056.504078150 0.142957 -0.0429005 0.0862006 1.95434 10.9788 -0.526904
4056.508830070 0.156014 -0.0314426 0.0776738 1.87291 10.9069 -0.536484
4056.513582230 0.168404 -0.0177198 0.0727443 1.83219 10.8231 -0.646655
4056.518333912 0.181328 -0.00506279 0.0660827 1.79866 10.7608 -0.66821
4056.523086071 0.191054 0.0110582 0.0582221 1.79626 10.6914 -0.766406
4056.527837753 0.20411 0.0238484 0.0519602 1.81063 10.6051 -0.771196
4056.532589674 0.215701 0.035706 0.0421011 1.96152 10.1094 -0.900527
4056.537341595 0.228625 0.0451654 0.0358392 1.9711 10.9213 -0.802332
4056.542093754 0.23915 0.0567565 0.0281118 2.00463 11.041 -0.711321
4056.546809435 0.259002 0.0666156 0.0246478 2.12917 10.7512 -0.833467
4056.551597595 0.279519 0.0780735 0.0215835 2.14115 10.883 -0.747246
4056.556349039 0.29111 0.0815375 0.0135896 2.12678 10.8423 -0.809517
4056.561101198 0.306965 0.0905972 0.00959265 2.01661 10.3321 -0.955613
4056.565817356 0.319089 0.0901975 0.00919296 2.00703 10.3106 -0.998723
4056.570605040 0.33934 0.097925 0.0063951 2.0214 10.301 -0.902922
4056.575356960 0.357593 0.102055 0.00146554 2.01661 10.3609 -1.13045
4056.580468893 0.368917 0.106985 0.000532925 1.97589 10.2507 -0.914897
4056.584821939 0.386371 0.110182 0.00266462 1.93039 10.0256 -1.12326
4056.589612722 0.398894 0.113247 0.00413017 1.86812 9.9561 -1.11847
4056.594364643 0.40902 0.116977 0.00599541 1.94236 10.083 -1.29331
4056.599116564 0.420611 0.119642 0.00319755 1.87051 10.0495 -1.32924
4056.603829861 0.429138 0.122972 0.00492956 1.77471 9.89862 -1.41306
4056.608620644 0.443926 0.126703 0.00466309 1.75315 9.79563 -1.48252
4056.613372087 0.459914 0.131499 -0.00706126 1.63819 9.80521 -1.6334
4056.618124247 0.478034 0.138694 -0.017853 1.57592 9.83395 -1.7795
4056.622875929 0.501482 0.145089 -0.0281118 1.52802 9.86988 -1.7292
4056.627628088 0.511475 0.149752 -0.0335743 1.45138 9.8076 -1.67651
4056.632380009 0.520934 0.157213 -0.0502282 1.48491 9.94412 -1.59508
4056.637131929 0.519469 0.166672 -0.0636845 1.45378 9.98963 -1.5879
4056.641883612 0.51334 0.175732 -0.0834028 1.4442 10.0878 -1.59987
4056.646635771 0.503881 0.181594 -0.093928 1.3939 10.1525 -1.48731
4056.651747465 0.489092 0.191453 -0.113646 1.47054 10.1237 -1.65975
4056.656139612 0.477634 0.198515 -0.13443 1.41067 10.119 -1.55916
4056.660891533 0.454718 0.206775 -0.158012 1.26457 10.2004 -1.6358
4056.665643454 0.431003 0.214502 -0.175732 1.21188 10.1573 -1.64298
4056.670395136 0.403824 0.221297 -0.197715 1.13524 10.0399 -1.78668
4056.675147295 0.381175 0.226893 -0.214769 0.986748 10.0016 -1.85375
4056.679898977 0.353729 0.237818 -0.239816 0.912502 9.8603 -1.91602
4056.684651136 0.319222 0.245279 -0.250342 0.986748 9.75252 -1.98787
4056.689403057 0.28325 0.253672 -0.255804 1.00591 9.51541 -2.07888
4056.694118738 0.237418 0.257669 -0.253006 0.986748 9.37171 -1.99984
4056.698906660 0.193319 0.267528 -0.25274 1.0083 9.24717 -2.07888
4056.703658581 0.147753 0.269793 -0.242881 1.02507 9.06994 -2.14354
4056.708410501 0.101389 0.275256 -0.227692 1.04183 8.96216 -2.29203
4056.713126421 0.0615528 0.27419 -0.211838 1.00591 8.98132 -2.32077
4056.717914343 0.0214502 0.274323 -0.194784 1.03704 8.93821 -2.43813
4056.723026276 -0.00999234 0.271925 -0.178796 1.02986 8.87355 -2.40939
4056.727418184 -0.0438331 0.267262 -0.160544 1.04423 8.88792 -2.50998
4056.732131243 -0.0744763 0.261133 -0.14762 1.00591 8.96695 -2.44052
4056.736922026 -0.0983247 0.252606 -0.140292 0.895737 9.16095 -2.47645
4056.741674185 -0.11791 0.241815 -0.135496 0.804727 9.34776 -2.43094
4056.746425867 -0.125237 0.231289 -0.131499 0.811912 9.49386 -2.43813
4056.751139164 -0.139493 0.220231 -0.132965 0.761616 9.66869 -2.36867
4056.755929708 -0.146021 0.203444 -0.1311 0.809517 9.64474 -2.4046
4056.760681629 -0.157613 0.189055 -0.132299 0.807122 9.50823 -2.47645
4056.765433550 -0.162409 0.174133 -0.1311 0.814307 9.38369 -2.49801
4056.770185709 -0.171335 0.157879 -0.1303 0.766406 9.24478 -2.52196
4056.774937391 -0.177864 0.137361 -0.132565 0.63947 9.24478 -2.50998
4056.779689550 -0.176665 0.118176 -0.133764 0.60115 9.24238 -2.63692
4056.784440994 -0.174666 0.0997902 -0.13936 0.555645 9.20885 -2.61297
4056.789193153 -0.166806 0.0770077 -0.142691 0.488584 9.16574 -2.55549
4056.794305086 -0.159744 0.0592879 -0.148953 0.522114 9.16574 -2.58423
4056.798696995 -0.143357 0.0355727 -0.154415 0.435894 9.0388 -2.72074
4056.803448915 -0.123772 0.0101256 -0.167338 0.313748 8.9454 -2.78301
4056.808200836 -0.0944609 -0.012657 -0.175865 0.256267 8.8951 -2.81894
4056.812952518 -0.070879 -0.0373047 -0.185191 0.277822 8.80409 -2.82612
4056.817704678 -0.0389035 -0.0636845 -0.191187 0.414338 8.73943 -2.81894
4056.822456598 -0.0110582 -0.0866003 -0.187723 0.469424 8.79212 -2.92432
4056.827208519 0.0117243 -0.116178 -0.185591 0.65863 8.86397 -2.8836
4056.831960440 0.0297106 -0.150818 -0.170403 0.766406 8.89989 -2.89797
4056.836712360 0.0488959 -0.173201 -0.149752 0.787961 8.94061 -2.96024
4056.841464043 0.0610199 -0.199714 -0.134564 0.768801 8.8975 -2.89079
4056.846216202 0.0678147 -0.226626 -0.116044 0.622705 8.92384 -2.9339
4056.850968122 0.0762083 -0.249942 -0.103254 0.538879 9.02204 -2.94827
4056.855720043 0.0790061 -0.271792 -0.0880659 0.469424 9.05557 -2.86205
4056.860435963 0.0727443 -0.288446 -0.0791394 0.457449 9.15855 -2.85007
4056.865223646 0.0575559 -0.303767 -0.0672818 0.476609 9.24238 -2.72793
4056.869975567 0.0341072 -0.321087 -0.0560904 0.481399 9.36692 -2.61536
4056.874727726 0.00559571 -0.334277 -0.044366 0.457449 9.46033 -2.53633
4056.879479408 -0.0246478 -0.341472 -0.0331746 0.490979 9.56571 -2.51956
4056.884591579 -0.0558239 -0.353329 -0.0223828 0.474214 9.75252 -2.51477
4056.888983488 -0.0955268 -0.361856 -0.0105253 0.60594 9.90341 -2.46208
4056.893735170 -0.134697 -0.371582 0.00279786 0.603545 9.96089 -2.45729
4056.898448467 -0.180662 -0.379443 0.0149219 0.579595 10.0208 -2.48364
4056.903239250 -0.23049 -0.383972 0.0261133 0.500559 10.0878 -2.49561
4056.907990932 -0.28325 -0.388502 0.0286447 0.390388 10.2267 -2.4046
4056.912743092 -0.334277 -0.392366 0.0353063 0.275427 10.2818 -2.29922
4056.917456150 -0.386371 -0.394897 0.0289112 0.177231 10.368 -2.25132
4056.922246695 -0.434467 -0.39543 0.0245145 0.193997 10.4758 -2.25371
4056.926998615 -0.471106 -0.398228 0.0142557 0.208367 10.5836 -2.33275
4056.931750774 -0.504413 -0.401026 0.0123905 0.256267 10.5213 -2.30161
4056.936502457 -0.525331 -0.405556 0.00905972 0.239502 10.3752 -2.47885
4056.941254616 -0.528528 -0.40902 0.00772741 0.308958 10.2794 -2.63213
4056.946006298 -0.516404 -0.420078 0.00919296 0.332908 10.2651 -2.76385
4056.950758219 -0.504813 -0.428738 0.0110582 0.301772 10.2818 -2.91953
4056.955870152 -0.483496 -0.433668 0.0157213 0.320933 10.2698 -2.62973
4056.960262060 -0.455518 -0.45272 0.0313093 0.285007 9.99202 -2.93629
4056.965013981 -0.43047 -0.469107 0.0373047 0.352068 9.96807 -3.09676
4056.969766140 -0.40409 -0.478833 0.0429005 0.519719 10.277 -2.75427
4056.974517822 -0.37398 -0.497086 0.0471639 0.268242 10.2219 -2.92671
4056.979269743 -0.34307 -0.512274 0.0516937 0.174836 10.3249 -2.90037
4056.984021664 -0.30883 -0.526263 0.0506279 0.296982 10.5692 -2.84768
4056.988773584 -0.282184 -0.539054 0.0463645 0.251477 10.8111 -2.57225
4056.993525505 -0.249809 -0.55251 0.0379709 0.215552 10.7584 -2.56746
4056.998277664 -0.228625 -0.563168 0.0367718 0.205972 10.768 -2.45969
4057.003029346 -0.212504 -0.574626 0.0306432 0.251477 10.9237 -2.31359
4057.007745266 -0.196516 -0.580489 0.0202511 0.119751 11.0051 -2.4046
4057.012533188 -0.177331 -0.593545 0.00679479 0.0431104 11.0506 -2.4046
4057.017285109 -0.164674 -0.597675 -0.00333078 -0 11.1105 -2.39262
4057.022037029 -0.163608 -0.603937 -0.0133231 0.0215552 11.1177 -2.32796
4057.031540871 -0.176798 -0.612864 -0.0447657 0.00718506 11.0386 -2.3088
4057.036292791 -0.189721 -0.615395 -0.0560904 -0.0742456 11.077 -2.41657
4057.041044474 -0.207708 -0.621257 -0.072611 -0.239502 11.0698 -2.39502
4057.046106577 -0.225427 -0.619259 -0.0836692 -0.258662 10.9836 -2.46927
4057.050548553 -0.23089 -0.619659 -0.0993905 -0.292192 10.8542 -2.58423
4057.055300474 -0.242081 -0.620991 -0.108983 -0.136516 10.7177 -2.68003
4057.060052395 -0.256603 -0.625254 -0.106452 0.0359253 10.598 -2.75667
4057.064765692 -0.269926 -0.627786 -0.0984579 0.0407153 10.495 -2.74709
4057.069555998 -0.282717 -0.62592 -0.0897979 0.134121 10.4279 -2.80936
4057.074308157 -0.297239 -0.627652 -0.074876 0.205972 10.3249 -2.74469
4057.079060078 -0.323219 -0.629118 -0.0580888 0.172441 10.1333 -2.68003
4057.083811998 -0.34387 -0.630717 -0.0436998 0.0934058 10.0279 -2.68242
4057.088563919 -0.363322 -0.628585 -0.0359724 -0.00239502 9.99681 -2.62494
4057.093315601 -0.374646 -0.632582 -0.0309096 -0.0526904 10.0447 -2.63931
4057.098427534 -0.386637 -0.63125 -0.0254472 -0.117356 10.107 -2.62255
4057.102819681 -0.405556 -0.631649 -0.0211838 -0.0622705 10.107 -2.52675
4057.107571363 -0.425807 -0.63045 -0.0147887 -0.0718506 10.1357 -2.49561
4057.112323523 -0.444326 -0.628052 -0.0123905 -0.0574805 10.1333 -2.43573
4057.117075443 -0.460714 -0.624188 -0.00892649 -0.136516 10.1166 -2.4549
4057.121827126 -0.469773 -0.62179 -0.00985911 -0.261057 10.1405 -2.41178
4057.126579046 -0.476435 -0.614063 -0.00812711 -0.256267 10.2243 -2.4525
4057.131331205 -0.47377 -0.611798 -0.00905972 -0.320933 10.1932 -2.40699
4057.136082888 -0.461779 -0.600473 -0.0169204 -0.380808 10.1357 -2.42136
4057.140835047 -0.442594 -0.592613 -0.0217167 -0.376018 10.0064 -2.38065
4057.145586967 -0.424475 -0.58755 -0.0271792 -0.378413 9.94891 -2.43813
4057.150338650 -0.399427 -0.575959 -0.0343737 -0.392783 9.8603 -2.33514
4057.155054808 -0.370383 -0.572361 -0.0454319 -0.395178 9.79323 -2.21779
4057.159842730 -0.337608 -0.564368 -0.0534257 -0.419128 9.76449 -2.213
4057.164594412 -0.299637 -0.553576 -0.0608867 -0.419128 9.83395 -2.22976
4057.169346571 -0.262332 -0.544383 -0.069147 -0.383203 9.90341 -2.16749
4057.174062252 -0.228758 -0.534257 -0.0755421 -0.232317 9.94652 -2.16749
4057.178850174 -0.199047 -0.523466 -0.0831363 -0.0407153 9.91059 -2.19863
4057.183602095 -0.175066 -0.510276 -0.0811378 0.0550854 9.84114 -1.95673
4057.188714027 -0.159211 -0.502548 -0.0814043 0.0479004 9.81 -2.01661
4057.193067312 -0.151617 -0.482297 -0.0790061 0.0502954 9.82677 -1.9735
4057.197858095 -0.144822 -0.46924 -0.077807 -0.0143701 9.70462 -1.92799
4057.202609777 -0.145489 -0.449389 -0.0786064 -0.0143701 9.70222 -1.85135
4057.207361698 -0.15175 -0.428472 -0.0836692 -0.182021 9.72378 -1.71004
4057.212074995 -0.156946 -0.406622 -0.0932619 -0.162861 9.76689 -1.66454
4057.216865540 -0.166939 -0.382773 -0.105786 -0.232317 9.7142 -1.57592
4057.221617460 -0.180795 -0.361323 -0.115245 -0.232317 9.56331 -1.46815
4057.226369619 -0.190387 -0.33441 -0.130966 -0.275427 9.59205 -1.41546
4057.231121302 -0.203044 -0.309763 -0.151217 -0.299377 9.72378 -1.31966
4057.235873222 -0.208107 -0.28285 -0.166806 -0.342488 9.83874 -1.28373
4057.240625143 -0.207041 -0.255271 -0.193851 -0.495769 9.96089 -1.28134
4057.245377064 -0.206508 -0.229291 -0.220897 -0.490979 10.107 -1.24781
4057.250128984 -0.200247 -0.202511 -0.241415 -0.387993 10.1501 -1.25499
4057.254880905 -0.201046 -0.177997 -0.264064 -0.378413 10.2028 -1.26936
4057.259992599 -0.206642 -0.15668 -0.281651 -0.292192 10.1166 -1.21427
4057.264384747 -0.213303 -0.133364 -0.295907 -0.299377 10.0327 -1.23583
4057.269136429 -0.227159 -0.115511 -0.305499 -0.201182 10.0064 -1.16158
4057.273888588 -0.233288 -0.0968591 -0.311894 -0.301772 9.96568 -1.20709
4057.278640509 -0.243147 -0.0790061 -0.32575 -0.344883 9.95849 -1.21427
4057.283392429 -0.258602 -0.0632848 -0.336675 -0.359253 9.8603 -1.19272
4057.288144350 -0.272991 -0.0487626 -0.347067 -0.440684 9.80521 -1.23104
4057.292896271 -0.284049 -0.0321087 -0.356793 -0.416733 9.75491 -1.12566
4057.297647953 -0.289245 -0.0201179 -0.372648 -0.395178 9.60403 -1.10171
4057.302364111 -0.290977 -0.012124 -0.381574 -0.368833 9.53936 -1.07057
4057.307152033 -0.289511 -0.000666156 -0.391966 -0.328118 9.51062 -1.07776
4057.311903954 -0.276322 0.00506279 -0.397562 -0.320933 9.54415 -1.12326
4057.316655874 -0.25687 0.00599541 -0.410885 -0.378413 9.75491 -1.22146
4057.321371794 -0.235153 0.0107917 -0.418479 -0.361648 9.89143 -1.2502
4057.326159477 -0.20864 0.0129234 -0.424475 -0.244292 9.74294 -1.28134
4057.331271648 -0.188389 0.012657 -0.42141 -0.208367 9.6639 -1.37953
4057.335663319 -0.168271 0.00706126 -0.418479 -0.244292 9.5681 -1.42025
4057.340376616 -0.152417 0.00572894 -0.419012 -0.193997 9.43398 -1.48731
4057.345167398 -0.136828 0.00159877 -0.411951 -0.241897 9.39327 -1.43701
4057.349919081 -0.126037 -0.00546248 -0.409686 -0.304167 9.41003 -1.43941
4057.354671001 -0.120041 -0.0106585 -0.405556 -0.356858 9.50344 -1.40588
4057.359384537 -0.122972 -0.0166539 -0.406222 -0.378413 9.5226 -1.33163
4057.364174843 -0.123905 -0.0266462 -0.402092 -0.311353 9.53457 -1.24302
4057.368927002 -0.126703 -0.0379709 -0.395697 -0.246687 9.6184 -1.24302
4057.373678923 -0.140825 -0.0484962 -0.391833 -0.182021 9.74054 -1.17356
4057.378430605 -0.148819 -0.0582221 -0.384239 -0.126936 9.83874 -1.06578
4057.383182526 -0.155614 -0.0738101 -0.384372 -0.174836 10.0567 -1.03225
4057.387934685 -0.160011 -0.0919296 -0.38224 -0.189207 10.1788 -0.984353
4057.392686367 -0.16494 -0.105652 -0.384239 -0.270637 10.4207 -0.871787
4057.397438526 -0.164274 -0.12164 -0.38757 -0.285007 10.5884 -0.910107
4057.402549982 -0.170669 -0.137628 -0.394631 -0.311353 10.6291 -0.778381
4057.406942129 -0.171735 -0.152683 -0.399694 -0.268242 10.6219 -0.852627
4057.411694050 -0.173867 -0.171335 -0.397962 -0.251477 10.507 -0.804727
4057.416445971 -0.17027 -0.188522 -0.395697 -0.285007 10.3824 -0.955613
4057.421233892 -0.171602 -0.205309 -0.399827 -0.258662 10.2507 -0.934058
4057.425985813 -0.168271 -0.22183 -0.393565 -0.213157 10.1908 -0.941243
4057.430737734 -0.162675 -0.234887 -0.381441 -0.179626 10.1118 -0.924478
4057.435489655 -0.155214 -0.256737 -0.367718 -0.184417 10.1285 -0.946033
4057.440241814 -0.150818 -0.270726 -0.348533 -0.146096 10.1908 -0.852627
4057.444993258 -0.142025 -0.285515 -0.328815 -0.0670605 10.2962 -0.938848
4057.449745417 -0.136162 -0.3047 -0.304567 0.0311353 10.3249 -0.934058
4057.454497337 -0.129767 -0.321887 -0.277787 0.155676 10.3441 -0.993933
4057.459249258 -0.123106 -0.341072 -0.245545 0.227527 10.4016 -1.0107
4057.464001179 -0.121773 -0.359858 -0.215168 0.277822 10.5644 -0.958008
4057.468717098 -0.118443 -0.381441 -0.186923 0.237107 10.6435 -0.931663
4057.473504782 -0.121907 -0.398495 -0.161476 0.131726 10.7752 -0.773591
4057.478256941 -0.128435 -0.414616 -0.145755 0.0766406 10.9931 -0.65384
4057.483008862 -0.137361 -0.427139 -0.137495 -0.0263452 11.1129 -0.560435
4057.487760782 -0.145888 -0.440596 -0.131766 -0.0479004 11.2566 -0.560435
4057.492872715 -0.152683 -0.459515 -0.128968 -0.0191602 11.3739 -0.56283
4057.497264624 -0.158678 -0.473237 -0.127636 0.0287402 11.4386 -0.59157
4057.502016306 -0.159611 -0.485761 -0.124438 0.155676 11.5368 -0.510139
4057.506729841 -0.164274 -0.498685 -0.124172 0.215552 11.5727 -0.550854
4057.511520147 -0.16907 -0.509476 -0.117377 0.177231 11.4865 -0.61552
4057.516272306 -0.178263 -0.522266 -0.106718 0.150886 11.5224 -0.519719
4057.521024227 -0.185858 -0.530926 -0.102322 0.184417 11.4314 -0.548459
4057.525776148 -0.19545 -0.536655 -0.0944609 0.186812 11.3237 -0.55325
4057.530527830 -0.206642 -0.53932 -0.0858009 0.189207 11.1392 -0.55325
4057.535279989 -0.22223 -0.545715 -0.0740766 0.186812 11.0291 -0.500559
4057.540031672 -0.242481 -0.547181 -0.067415 0.131726 10.9237 -0.526904
4057.544783831 -0.261799 -0.55211 -0.0634181 0.0862207 10.8111 -0.538879
4057.549535751 -0.276855 -0.553043 -0.0582221 0.0550854 10.9141 -0.524509
4057.554287672 -0.296306 -0.560104 -0.0510276 -0.0239502 10.9907 -0.431104
4057.559039354 -0.309896 -0.564368 -0.0519602 0.0383203 11.0865 -0.368833
4057.564151287 -0.322686 -0.568897 -0.0560904 0.0886157 11.1297 -0.285007
4057.568543196 -0.337608 -0.574227 -0.0592879 0.143701 11.144 -0.313748
4057.573295355 -0.335077 -0.582487 -0.0560904 0.215552 11.0219 -0.364043
4057.578047037 -0.334144 -0.595144 -0.055291 0.299377 10.9596 -0.392783
4057.582799196 -0.324152 -0.605003 -0.0584885 0.313748 10.8614 -0.546064
4057.587550879 -0.30057 -0.621391 -0.0527596 0.323328 10.8135 -0.522114
4057.592302799 -0.268461 -0.632848 -0.0523599 0.352068 10.7273 -0.5772
4057.597054720 -0.234221 -0.646305 -0.0442328 0.428708 10.768 -0.59636
4057.601806879 -0.195051 -0.660028 -0.0349066 0.483794 10.7273 -0.55804
4057.606558561 -0.162142 -0.672152 -0.0234487 0.570015 10.5908 -0.570015
4057.611310720 -0.132032 -0.684675 -0.00866003 0.646655 10.495 -0.546064
4057.616026640 -0.101922 -0.694268 0.00732772 0.651445 10.4183 -0.541274
4057.620814323 -0.0738101 -0.70093 0.0291776 0.59157 10.4064 -0.433499
4057.625566244 -0.0531593 -0.707591 0.046098 0.61073 10.2818 -0.445474
4057.630318403 -0.0314426 -0.712387 0.0647504 0.565225 10.2435 -0.342488
4057.639822245 0.00106585 -0.716518 0.0951271 0.543669 10.3561 -0.217947
4057.644573689 0.0221164 -0.716651 0.102988 0.474214 10.3944 -0.222737
4057.649325848 0.035173 -0.715185 0.112047 0.409548 10.3944 -0.0910107
4057.654387951 0.0458315 -0.711188 0.111781 0.296982 10.6626 -0.0766406
4057.658829689 0.0511608 -0.707724 0.111648 0.177231 10.8614 0.0838257
4057.663581610 0.0523599 -0.70053 0.105652 0.208367 10.8566 0.100591
4057.668333769 0.0430337 -0.693868 0.103654 0.126936 10.8854 0.158071
4057.673046827 0.0207841 -0.688273 0.100989 0.138911 10.8279 0.225132
4057.677837372 -0.00826034 -0.681345 0.0980582 0.136516 10.7848 0.213157
4057.682589293 -0.0438331 -0.675216 0.0972588 0.165256 10.7105 0.189207
4057.687341213 -0.085268 -0.670686 0.101655 0.186812 10.6914 0.253872
4057.692093134 -0.131766 -0.663225 0.106452 0.174836 10.7201 0.244292
4057.696845293 -0.175332 -0.662692 0.112181 0.225132 10.7009 0.225132
4057.701596737 -0.207841 -0.658429 0.119908 0.170046 10.6459 0.158071
4057.706708908 -0.240882 -0.654698 0.127502 0.136516 10.6099 0.131726
4057.711100817 -0.262466 -0.650968 0.130433 0.0263452 10.5357 0.0862207
4057.715852737 -0.278453 -0.644573 0.135096 -0.0550854 10.3609 0.110171
4057.720604658 -0.287646 -0.642041 0.139626 -0.0407153 10.3058 0.0646655
4057.725356579 -0.290178 -0.636845 0.144556 -0.0143701 10.2219 0.0862207
4057.730108261 -0.285115 -0.635113 0.14842 0.0143701 10.2387 0.0263452
4057.734860420 -0.270992 -0.638711 0.155614 0.0431104 10.2028 -0.0502954
4057.739612103 -0.244613 -0.635513 0.167072 0.0646655 10.2243 -0.0766406
4057.744364262 -0.217567 -0.638311 0.179196 0.0311353 10.2962 -0.210762
4057.749116182 -0.193052 -0.638311 0.191054 0.0958008 10.3153 -0.148491
4057.753868103 -0.166006 -0.640975 0.207441 0.0981958 10.0711 -0.150886
4057.758619785 -0.149086 -0.639776 0.226493 0.0574805 9.94412 -0.186812
4057.763335943 -0.124971 -0.642175 0.237551 0.0790356 10.0423 -0.0694556
4057.768123627 -0.113779 -0.638044 0.253672 -0.0407153 9.97765 -0.177231
4057.772875786 -0.0923292 -0.641242 0.266596 -0.222737 9.89143 -0.280217
4057.777627707 -0.0847351 -0.638977 0.281384 -0.215552 9.93454 -0.191602
4057.782343388 -0.0830031 -0.634847 0.290044 -0.237107 10.016 -0.0574805
4057.787131310 -0.0770077 -0.632582 0.295907 -0.282612 10.0495 -0.0718506
4057.791883469 -0.0738101 -0.625121 0.300303 -0.316143 10.0902 -0.0383203
4057.796995401 -0.0684809 -0.62179 0.304966 -0.407153 10.1046 0.00958008
4057.801348448 -0.0655498 -0.614329 0.29977 -0.486189 10.1932 0.119751
4057.806138992 -0.0596876 -0.609133 0.292043 -0.59157 10.1669 0.196392
4057.810891151 -0.055291 -0.597542 0.290311 -0.637075 10.1549 0.225132
4057.815642834 -0.05649 -0.587949 0.281651 -0.63468 10.1669 0.404758
4057.820356131 -0.0500949 -0.581288 0.280452 -0.60594 10.1142 0.359253
4057.825146675 -0.0447657 -0.569164 0.271259 -0.775986 10.0208 0.273032
4057.829898834 -0.0373047 -0.56157 0.262998 -0.773591 10.0878 0.277822
4057.834650517 -0.0309096 -0.553576 0.2606 -0.747246 10.0519 0.330513
4057.839402676 -0.0295773 -0.540519 0.258469 -0.823887 9.92496 0.376018
4057.844154358 -0.0274456 -0.533591 0.254338 -0.881367 9.78605 0.397573
4057.848906279 -0.0325084 -0.524132 0.249809 -0.934058 9.67588 0.392783
4057.853658199 -0.0273124 -0.514273 0.244746 -0.984353 9.50344 0.280217
4057.858410358 -0.023049 -0.504946 0.248609 -0.981958 9.4244 0.237107
4057.863162041 -0.0181194 -0.501216 0.247144 -0.931663 9.35255 0.210762
4057.868273973 -0.00692802 -0.494688 0.246877 -0.955613 9.31184 0.208367
4057.872665882 0.00253139 -0.488559 0.245678 -0.924478 9.3286 0.215552
4057.877417803 0.0146554 -0.489358 0.245012 -0.905317 9.41722 0.217947
4057.882169724 0.0338407 -0.48323 0.242881 -0.924478 9.55134 0.294587
4057.886921644 0.0480965 -0.481364 0.242081 -0.878972 9.61121 0.347278
4057.891673565 0.0680812 -0.480965 0.23955 -0.828677 9.79323 0.510139
4057.896425724 0.0799387 -0.474703 0.237018 -0.737666 9.92257 0.541274
4057.901177168 0.0972588 -0.476701 0.232489 -0.725691 9.97047 0.505349
4057.905929327 0.107651 -0.476168 0.232755 -0.646655 10.0351 0.574805
4057.910645485 0.118043 -0.473237 0.232489 -0.637075 10.016 0.59636
4057.915433168 0.122972 -0.472704 0.234087 -0.632285 9.95131 0.656235
4057.920185089 0.128035 -0.467508 0.234087 -0.694556 9.91059 0.783171
4057.924937248 0.12617 -0.463245 0.231556 -0.713716 9.87706 0.783171
4057.929688692 0.125104 -0.456717 0.231023 -0.787961 9.84832 0.821492
4057.934440851 0.126303 -0.45192 0.222096 -0.783171 9.85551 0.799937
4057.939553022 0.127902 -0.445792 0.219832 -0.823887 9.88664 0.826282
4057.943944693 0.138827 -0.437798 0.209306 -0.883762 9.89383 0.802332
4057.948657990 0.154282 -0.431936 0.196516 -0.893342 9.94173 0.795146
4057.953448772 0.175066 -0.419545 0.184392 -0.910107 9.97047 0.775986
4057.958200216 0.192786 -0.413417 0.171868 -0.883762 9.93694 0.768801
4057.962952375 0.213303 -0.399427 0.157346 -0.910107 9.95849 0.701741
4057.967665672 0.231556 -0.395697 0.140692 -0.876577 10.0974 0.680186
4057.972456217 0.242881 -0.386637 0.123772 -0.852627 10.1669 0.701741
4057.977208138 0.250342 -0.378243 0.108583 -0.840652 10.2172 0.756826
4057.981960058 0.250342 -0.367851 0.0945942 -0.747246 10.1357 0.831072
4057.986711740 0.249542 -0.355194 0.0826034 -0.754431 10.1046 0.819097
4057.991463900 0.240616 -0.347734 0.0732772 -0.744851 10.0902 0.888552
4057.996215582 0.224361 -0.338807 0.0614196 -0.744851 10.0591 0.866997
4058.000967741 0.208374 -0.329348 0.0503614 -0.778381 10.0351 0.893342
4058.005719662 0.19092 -0.316291 0.0393032 -0.756826 10.0112 0.914897
4058.010831356 0.176398 -0.306299 0.0246478 -0.730481 10.107 0.938848
4058.015223265 0.163874 -0.298305 0.0149219 -0.752036 10.1166 0.977168
4058.019975424 0.150551 -0.289911 0.0021317 -0.802332 10.2219 1.05141
4058.024727106 0.144423 -0.277654 -0.0135896 -0.819097 10.2363 1.01788
4058.029479265 0.140159 -0.269793 -0.0270459 -0.807122 10.2435 0.955613
4058.034231186 0.134963 -0.262599 -0.0369051 -0.807122 10.2028 0.924478
4058.038983107 0.130167 -0.251274 -0.0447657 -0.823887 10.0615 0.804727
4058.043734789 0.122573 -0.245678 -0.0498285 -0.752036 9.99202 0.744851
4058.048486710 0.11338 -0.242881 -0.0534257 -0.689766 9.92736 0.735271
4058.053238630 0.101922 -0.240616 -0.0546248 -0.60594 9.9058 0.646655
4058.057990789 0.0905972 -0.239417 -0.0523599 -0.56283 9.87946 0.613125
4058.062742472 0.0732772 -0.234753 -0.0421011 -0.529299 9.83874 0.66821
4058.067494392 0.0640842 -0.236885 -0.0333078 -0.531694 9.83874 0.66821
4058.072246313 0.0438331 -0.237551 -0.0298438 -0.486189 9.79802 0.675396
4058.076962233 0.0307764 -0.23875 -0.0263798 -0.514929 9.69264 0.670605
4058.081750154 0.0133231 -0.242614 -0.0197182 -0.474214 9.67348 0.694556
4058.086502314 -0.000133231 -0.242614 -0.0149219 -0.464634 9.72617 0.58678
4058.091253996 -0.00559571 -0.249276 -0.0179862 -0.536484 9.73336 0.55325
4058.096005917 -0.0114579 -0.251807 -0.0119908 -0.550854 9.77647 0.490979
4058.101118088 -0.0150551 -0.256737 -0.0127902 -0.546064 9.75731 0.457449
4058.105509758 -0.0219832 -0.257536 -0.00945942 -0.565225 9.75731 0.344883
4058.110261679 -0.0274456 -0.262066 -0.0113247 -0.61552 9.71899 0.344883
4058.114974976 -0.0309096 -0.265263 -0.010392 -0.60594 9.63516 0.275427
4058.119765520 -0.0369051 -0.26966 -0.00626187 -0.651445 9.60642 0.249082
4058.124517441 -0.0401026 -0.270726 -0.00532925 -0.692161 9.54894 0.215552
4058.129269123 -0.0422343 -0.26926 -0.00319755 -0.692161 9.52739 0.172441
4058.134021282 -0.0452986 -0.27006 -0.00373047 -0.780776 9.48907 0.241897
4058.138773203 -0.0488959 -0.268328 -0.00413017 -0.814307 9.48428 0.296982
4058.143525124 -0.0464977 -0.267528 -0.00359724 -0.795146 9.51062 0.402363
4058.148277044 -0.046098 -0.267795 -0.00532925 -0.828677 9.46033 0.323328
4058.153028965 -0.0490291 -0.266862 -0.00599541 -0.783171 9.49386 0.426313
4058.157780647 -0.0447657 -0.26473 -0.00932619 -0.768801 9.55134 0.433499
4058.162532806 -0.0435666 -0.267395 -0.0110582 -0.766406 9.61361 0.495769
4058.167284727 -0.0401026 -0.271392 -0.0141225 -0.708926 9.65672 0.56762
4058.172396421 -0.0359724 -0.271925 -0.0177198 -0.687371 9.75491 0.59636
4058.176788568 -0.0270459 -0.274057 -0.0258469 -0.696951 9.87467 0.570015
4058.181540489 -0.0238484 -0.277254 -0.0318423 -0.749641 9.92496 0.60594
4058.186292171 -0.0191853 -0.276855 -0.0378377 -0.778381 9.86748 0.759221
4058.191044331 -0.0222496 -0.278453 -0.0463645 -0.795146 9.77407 0.790356
4058.195796013 -0.0273124 -0.278587 -0.0595544 -0.871787 9.616 0.816702
4058.200548172 -0.0326417 -0.27832 -0.0672818 -0.938848 9.49865 0.821492
4058.205300093 -0.032242 -0.281917 -0.0784732 -0.984353 9.42919 0.699346
4058.210051775 -0.0295773 -0.280452 -0.0909969 -1.02028 9.40285 0.637075
4058.214803696 -0.0162542 -0.282583 -0.103521 -0.965193 9.33339 0.651445
4058.219555855 -0.000266462 -0.281518 -0.115245 -1.02986 9.37411 0.593965
4058.224271774 0.0123905 -0.286447 -0.124704 -1.02746 9.34297 0.58199
4058.229059696 0.03051 -0.283649 -0.134564 -0.972378 9.29507 0.536484
4058.233811617 0.0498285 -0.285914 -0.142025 -0.984353 9.26873 0.531694
4058.238563299 0.0683476 -0.285914 -0.154681 -1.08734 9.29747 0.617915
4058.248067379 0.0931286 -0.28245 -0.168138 -1.16877 9.41003 0.732876
4058.252819061 0.109783 -0.280585 -0.178397 -1.22146 9.36692 0.684976
4058.257571220 0.118576 -0.278187 -0.186124 -1.14242 9.41243 0.706531
4058.262633324 0.125904 -0.282717 -0.191054 -1.08734 9.38129 0.783171
4058.267074823 0.134297 -0.279786 -0.190654 -1.06818 9.35255 0.809517
4058.271826744 0.139093 -0.280585 -0.195317 -1.0562 9.40045 0.802332
4058.276578665 0.146688 -0.278187 -0.195583 -1.04902 9.39806 0.876577
4058.281292200 0.151484 -0.279386 -0.197582 -1.04183 9.38369 0.881367
4058.286082745 0.149619 -0.276988 -0.195317 -1.04423 9.35016 0.902922
4058.290834427 0.146288 -0.277387 -0.194118 -1.04662 9.1849 0.941243
4058.295586348 0.140692 -0.275522 -0.190521 -0.972378 9.17771 0.953218
4058.300338268 0.1299 -0.272591 -0.180129 -0.962798 9.07952 0.972378
4058.305090189 0.121374 -0.273257 -0.171069 -0.962798 9.01485 0.902922
4058.309842110 0.119109 -0.268994 -0.159078 -0.910107 8.96695 0.888552
4058.314954042 0.121107 -0.269793 -0.146021 -0.934058 9.05317 0.720901
4058.319345951 0.131899 -0.265263 -0.141492 -1.02028 9.16813 0.718506
4058.324097872 0.140959 -0.261533 -0.138294 -1.07297 9.20167 0.730481
4058.328849792 0.154681 -0.252473 -0.1299 -1.09213 9.13939 0.670605
4058.333601713 0.1736 -0.243946 -0.127636 -1.17356 9.12502 0.694556
4058.338353634 0.195717 -0.23875 -0.128568 -1.22625 9.08191 0.66821
4058.343105793 0.219565 -0.228358 -0.129368 -1.28852 9.11784 0.512534
4058.347857475 0.248343 -0.219299 -0.132565 -1.33403 9.06754 0.493374
4058.352609396 0.268461 -0.210905 -0.13483 -1.31726 9.05317 0.474214
4058.357361078 0.288979 -0.198648 -0.13483 -1.31487 9.03401 0.459844
4058.362113237 0.299637 -0.185458 -0.13483 -1.25499 9.07952 0.479004
4058.366865158 0.307631 -0.172934 -0.135629 -1.28134 9.06275 0.383203
4058.371580839 0.30923 -0.160544 -0.136562 -1.32924 9.12023 0.421523
4058.376368999 0.301902 -0.148286 -0.133098 -1.28852 9.1849 0.431104
4058.381120920 0.290844 -0.133364 -0.134297 -1.34361 9.26154 0.476609
4058.385872602 0.272058 -0.11711 -0.135763 -1.45378 9.29747 0.519719
4058.390552759 0.252207 -0.103387 -0.140692 -1.42504 9.30705 0.481399
4058.395340919 0.222896 -0.0889985 -0.141891 -1.41546 9.33818 0.514929
4058.400092363 0.190121 -0.0695467 -0.148953 -1.57113 9.4244 0.543669
4058.405204535 0.158412 -0.0538254 -0.16081 -1.63819 9.46512 0.55325
4058.409557819 0.131499 -0.0373047 -0.177064 -1.69328 9.44596 0.603545
4058.414348364 0.103121 -0.017853 -0.197049 -1.74836 9.67109 0.622705
4058.419100285 0.0840689 0.000266462 -0.209972 -1.81303 9.6663 0.62031
4058.423852444 0.0591547 0.0153216 -0.229691 -1.75076 9.79563 0.502954
4058.428565264 0.0335743 0.0310429 -0.244346 -1.75794 9.76928 0.498164
4058.433356047 0.012657 0.0458315 -0.251807 -1.70765 9.78605 0.526904
4058.438107729 -0.0102588 0.0575559 -0.2606 -1.72441 9.68546 0.476609
4058.442967892 -0.035706 0.0702129 -0.26553 -1.74357 9.56331 0.483794
4058.447611809 -0.0531593 0.0834028 -0.264864 -1.79626 9.51062 0.378413
4058.452363729 -0.0728775 0.0893982 -0.272058 -1.88488 9.55373 0.265847
4058.457115412 -0.0831363 0.099657 -0.270593 -1.83219 9.63756 0.256267
4058.461867571 -0.0999234 0.107118 -0.267928 -1.83938 9.57768 0.249082
4058.466619253 -0.106985 0.108317 -0.266462 -1.79866 9.5202 0.0646655
4058.471371412 -0.112181 0.114446 -0.260201 -1.71723 9.48907 0.146096
4058.476483107 -0.117377 0.116178 -0.249542 -1.7316 9.50823 0.0143701
4058.480875254 -0.119642 0.119242 -0.24328 -1.76513 9.5202 0.0455054
4058.485626936 -0.124038 0.122173 -0.234087 -1.83938 9.47709 0.0431104
4058.490379095 -0.128968 0.122306 -0.238351 -1.98787 9.53457 0.0479004
4058.495130777 -0.135363 0.125237 -0.237685 -1.9711 9.59684 0.0862207
4058.499882936 -0.138294 0.120841 -0.235553 -1.90165 9.62079 0.0143701
4058.504634857 -0.13976 0.119642 -0.231822 -1.76992 9.62079 -0.0574805
4058.509386778 -0.142691 0.114312 -0.225028 -1.64538 9.64474 -0.0862207
4058.514138460 -0.137361 0.107384 -0.22183 -1.58071 9.65432 -0.0694556
4058.518854380 -0.121374 0.104453 -0.216501 -1.62861 9.75012 -0.0622705
4058.523642302 -0.097925 0.09566 -0.215968 -1.70046 9.8124 -0.237107
4058.528394461 -0.0615528 0.0916631 -0.223695 -1.84177 10.0519 -0.368833
4058.533146143 -0.0153216 0.0786064 -0.228092 -1.82021 10.1669 -0.364043
4058.537862062 0.0313093 0.0703461 -0.233554 -1.87291 10.2052 -0.392783
4058.542649984 0.0735436 0.0634181 -0.231556 -1.76273 10.1812 -0.476609
4058.547761917 0.113913 0.0531593 -0.229824 -1.79626 10.1693 -0.486189
4058.552153826 0.15255 0.049562 -0.229158 -1.78908 10.0327 -0.474214
4058.556867123 0.185591 0.0440995 -0.219032 -1.8274 9.86748 -0.541274
4058.561657667 0.210372 0.035173 -0.213436 -1.89207 9.81 -0.440684
4058.566409826 0.229158 0.0343737 -0.205443 -1.86572 9.79084 -0.450264
4058.571161509 0.236619 0.0314426 -0.196916 -1.83938 9.79563 -0.282612
4058.575874805 0.237818 0.0333078 -0.18719 -1.93757 9.84593 -0.237107
4058.580665350 0.241149 0.0343737 -0.177864 -1.94955 9.89862 -0.138911
4058.585417271 0.239683 0.0373047 -0.167472 -1.91602 9.98244 -0.0646655
4058.590169191 0.238084 0.0397029 -0.159877 -1.93757 10.0687 -0.0263452
4058.594921350 0.236885 0.0377044 -0.153482 -1.96871 10.1597 -0.0191602
4058.599672794 0.232089 0.0419678 -0.150018 -1.92799 10.2651 0.0407153
4058.604424953 0.222763 0.0390368 -0.140292 -1.91362 10.2794 -0.0263452
4058.609176874 0.215701 0.040902 -0.130966 -1.95913 10.2603 -0.0335303
4058.613928795 0.207175 0.0415681 -0.122306 -2.04295 10.21 0.0167651
4058.619040489 0.194118 0.0378377 -0.113513 -2.1172 10.1788 -0.0191602
4058.623432875 0.18266 0.0366386 -0.106851 -2.2106 10.1716 -0.198787
4058.628184319 0.176132 0.0343737 -0.103787 -2.24892 10.1237 -0.282612
4058.632936478 0.162409 0.031709 -0.093928 -2.24892 9.92975 -0.332908
4058.637688398 0.145089 0.0301103 -0.0830031 -2.20102 9.83156 -0.371228
4058.642440319 0.130433 0.0267795 -0.0646172 -2.21779 9.70222 -0.512534
4058.647192240 0.118043 0.023049 -0.0514273 -2.28006 9.66869 -0.670605
4058.651944399 0.111648 0.0218499 -0.0311761 -2.23934 9.73815 -0.696951
4058.656695843 0.10392 0.0135896 -0.0150551 -2.2609 9.7621 -0.766406
4058.661448002 0.102322 0.0111914 0.00826034 -2.17228 9.91299 -0.732876
4058.666199684 0.0940613 0.00945942 0.0266462 -2.1651 10.0256 -0.742456
4058.670951843 0.088732 0.00559571 0.049562 -2.18186 10.0806 -0.694556
4058.675703764 0.0839357 0.00359724 0.0650168 -2.09325 10.1597 -0.63468
4058.680455685 0.0834028 0.00319755 0.0812711 -2.12678 10.1381 -0.538879
4058.685171604 0.0840689 0.00133231 0.0945942 -2.08127 10.1381 -0.55804
4058.689959526 0.0885988 0.000799387 0.107518 -2.04774 10.2172 -0.60594
4058.694711208 0.0903308 0.00133231 0.11751 -2.07169 10.2435 -0.608335
4058.699463367 0.0877994 -0 0.127236 -2.05732 10.2411 -0.589175
4058.704215288 0.0831363 0.00253139 0.133498 -2.10762 10.2363 -0.613125
4058.709326982 0.0784732 -0.00159877 0.141225 -2.11241 10.3034 -0.512534
4058.713718891 0.0694135 0.00319755 0.145355 -2.14594 10.3297 -0.555645
4058.718471050 0.0503614 0.00346401 0.153482 -2.20821 10.3321 -0.58199
4058.723184109 0.0371715 0.00253139 0.160277 -2.13157 10.392 -0.560435
4058.727974892 0.0249142 0.00399694 0.167072 -2.08846 10.483 -0.632285
4058.732726812 0.00959265 0.00732772 0.173334 -2.09085 10.5644 -0.59157
4058.737478733 -0.00359724 0.00812711 0.185191 -2.03337 10.6219 -0.680186
4058.742191792 -0.0119908 0.00945942 0.196783 -2.10043 10.598 -0.675396
4058.746982336 -0.0194518 0.0141225 0.209706 -2.10522 10.5692 -0.718506
4058.751734257 -0.0185191 0.012657 0.214236 -2.20581 10.5117 -0.749641
4058.756486416 -0.0118576 0.012657 0.223695 -2.31359 10.4447 -0.795146
4058.761238098 -0.00626187 0.0166539 0.225294 -2.2609 10.4111 -0.888552
4058.765990257 0.00772741 0.0189188 0.23049 -2.1651 10.3537 -1.02746
4058.770741940 0.0226493 0.0173201 0.236752 -2.0669 10.3297 -1.1065
4058.775493860 0.031709 0.0174533 0.24781 -1.92799 10.2746 -1.21667
4058.780605793 0.0455651 0.0137228 0.260334 -1.89925 10.2818 -1.33882
4058.784997940 0.0454319 0.0182527 0.272858 -1.88249 10.3297 -1.39869
